mass_A
t	y	x	v_{x}	v_{y}	a_{x}	a_{y}	θ	ω
0.000	15.52	-20.83					143.3°	
0.033	21.86	12.62	627.1	-469.1			60.0°	-2722.0
0.066	-15.53	20.68	-399.6	-664.2	-1.719E4	9.770E3	-36.9°	-2744.5
0.099	-22.20	-13.89	-691.7	329.4	7.858E3	1.932E4	-122.0°	-2369.6
0.133	6.319	-25.20	231.4	721.6	2.010E4	-7.174E3	-194.1°	-2283.3
0.166	25.58	1.429	759.8	-156.3	-4.915E3	-1.949E4	-273.2°	-2644.1
0.199	-4.028	25.11	-75.53	-776.1	-1.961E4	1.826E3	-369.1°	-2789.7
0.232	-25.80	-3.571	-771.3	8.580	-1.295E3	2.051E4	-457.9°	-2466.6
0.265	-3.460	-25.96	-103.0	745.3	2.121E4	2.627E3	-532.4°	-2240.2
0.298	23.53	-10.39	744.6	195.8	4.258E3	-2.000E4	-606.2°	-2494.9
0.331	9.526	23.42	281.4	-723.8	-1.847E4	-6.921E3	-697.9°	-2791.0
0.364	-24.48	8.277	-696.1	-356.5	-9.904E3	1.751E4	-791.3°	-2571.3
0.397	-14.08	-22.67	-412.2	626.8	1.727E4	1.251E4	-868.2°	-2272.9
0.431	17.03	-19.02	566.0	524.6	1.324E4	-1.610E4	-941.8°	-2378.3
0.464	20.66	14.81	583.2	-513.9	-1.354E4	-1.481E4	-1025.6°	-2704.8
0.497	-17.01	19.60	-437.9	-645.1	-1.686E4	1.077E4	-1121.0°	-2674.2
0.530	-22.06	-14.18	-685.2	356.2	8.626E3	1.908E4	-1202.7°	-2316.0
0.563	6.583	-25.78	229.5	714.8	2.014E4	-7.127E3	-1274.3°	-2258.4
0.596	25.27	1.011	771.6	-132.0	-4.338E3	-1.981E4	-1352.3°	-2575.3
0.629	-2.156	25.32	-40.66	-781.0	-2.004E4	928.6	-1444.9°	-2738.5
0.662	-26.45	-1.682	-777.3	-54.45	-2.375E3	2.044E4	-1533.6°	-2457.0
0.695	-5.762	-26.15	-159.2	742.8	2.077E4	4.921E3	-1607.6°	-2236.5
0.729	22.74	-12.22	716.8	289.7	6.654E3	-1.975E4	-1681.7°	-2415.6
0.762	13.46	21.41	375.1	-687.8	-1.748E4	-9.515E3	-1767.8°	-2703.3
0.795	-22.87	12.66	-616.4	-466.3	-1.262E4	1.563E4	-1861.0°	-2572.8
0.828	-17.40	-19.39	-532.3	533.6	1.424E4	1.560E4	-1938.1°	-2233.9
0.861	12.44	-22.57	426.1	621.2	1.663E4	-1.259E4	-2008.9°	-2301.2
0.894	23.72	8.814	692.4	-336.1	-9.379E3	-1.748E4	-2090.4°	-2624.7
0.927	-9.833	23.33	-245.4	-730.8	-1.890E4	5.858E3	-2182.9°	-2656.5
0.961	-24.81	-7.481	-745.7	143.7	2.895E3	2.031E4	-2266.8°	-2361.4
0.994	-0.311	-26.08	14.03	744.4	2.097E4	-536.4	-2339.3°	-2241.5
1.027	24.40	-6.553	757.4	114.3	2.137E3	-2.010E4	-2415.0°	-2474.8
1.060	7.258	24.09	221.3	-736.7	-1.892E4	-5.657E3	-2503.2°	-2662.3
1.093	-24.48	8.134	-690.7	-323.8	-9.423E3	1.780E4	-2591.6°	-2469.3
1.126	-14.19	-21.66	-429.7	612.0	1.667E4	1.253E4	-2666.8°	-2217.8
1.159	15.98	-20.27	510.6	552.5	1.438E4	-1.515E4	-2738.2°	-2290.1
1.192	22.42	12.16	637.5	-445.7	-1.149E4	-1.610E4	-2818.5°	-2613.2
1.226	-13.61	22.04	-326.6	-701.9	-1.820E4	8.328E3	-2911.7°	-2606.2
1.259	-24.17	-9.513	-730.5	229.0	4.968E3	2.026E4	-2991.5°	-2291.8
1.292	1.544	-26.30	72.47	746.4	2.080E4	-2.373E3	-3063.4°	-2236.5
1.325	25.19	-4.721	764.8	75.57	1.015E3	-2.054E4	-3139.4°	-2437.9
1.358	6.553	24.40	187.9	-762.6	-1.921E4	-5.157E3	-3225.0°	-2619.5
1.391	-25.36	7.738	-694.5	-323.7	-8.926E3	1.845E4	-3313.0°	-2420.8
1.424	-14.90	-21.64	-425.5	626.7	1.681E4	1.262E4	-3385.4°	-2194.8
1.457	16.11	-20.42	509.5	562.6	1.452E4	-1.506E4	-3458.3°	-2314.8
1.490	22.27	12.03	651.4	-433.3	-1.120E4	-1.669E4	-3538.4°	-2577.7
1.524	-12.58	22.72	-304.5	-714.0	-1.849E4	7.803E3	-3629.0°	-2556.2
1.557	-25.13	-8.185	-734.3	187.4	3.645E3	2.018E4	-3708.0°	-2273.6
1.590	-0.162	-25.94	5.537	739.2	2.084E4	-654.8	-3779.6°	-2173.0
1.623	23.78	-7.819	744.2	142.0	3.000E3	-2.018E4	-3851.8°	-2399.4
1.656	9.234	23.29	277.2	-720.4	-1.844E4	-6.809E3	-3938.4°	-2632.3
1.689	-23.96	10.55	-656.2	-393.1	-1.098E4	1.667E4	-4026.2°	-2438.7
1.722	-16.86	-20.27	-495.7	549.8	1.469E4	1.449E4	-4100.3°	-2158.6
1.755	12.46	-22.28	411.8	615.0	1.663E4	-1.208E4	-4169.2°	-2209.6
1.788	23.79	6.948	703.8	-286.1	-8.360E3	-1.808E4	-4246.3°	-2501.9
1.822	-6.496	24.34	-162.7	-747.0	-1.922E4	3.855E3	-4334.9°	-2593.6
1.855	-25.82	-3.857	-754.1	20.06	-387.2	2.025E4	-4418.5°	-2319.8
1.888	-5.167	-25.60	-137.2	728.1	2.026E4	4.196E3	-4488.6°	-2140.2
1.921	22.29	-12.92	680.0	314.6	7.522E3	-1.910E4	-4559.9°	-2302.4
1.954	15.68	19.45	446.7	-635.3	-1.632E4	-1.122E4	-4641.1°	-2564.1
1.987	-19.84	16.70	-530.6	-553.9	-1.477E4	1.342E4	-4729.9°	-2502.5
2.020	-20.98	-15.66	-633.3	401.8	1.013E4	1.782E4	-4806.7°	-2192.0
2.053	6.748	-25.21	228.2	695.8	1.966E4	-6.938E3	-4875.0°	-2145.4
2.086	25.07	-0.558	764.1	-71.53	-2.648E3	-1.985E4	-4948.7°	-2421.3
2.120	2.006	25.44	84.23	-767.5	-1.970E4	-2.026E3	-5035.5°	-2564.3
2.153	-25.89	5.035	-728.6	-225.5	-6.988E3	1.883E4	-5119.0°	-2338.1
2.186	-12.94	-22.86	-378.1	632.9	1.755E4	1.098E4	-5190.5°	-2110.4
2.219	15.99	-19.99	520.6	531.8	1.417E4	-1.497E4	-5258.7°	-2222.0
2.252	22.25	11.60	659.4	-405.1	-1.104E4	-1.654E4	-5337.5°	-2507.4
2.285	-10.82	23.65	-266.1	-723.3	-1.885E4	6.520E3	-5424.6°	-2503.7
2.318	-25.61	-6.016	-748.3	111.1	1.888E3	2.018E4	-5503.2°	-2229.5
2.352	-3.460	-25.96	-82.59	726.3	2.057E4	2.191E3	-5572.4°	-2105.3
2.385	22.63	-11.50	703.8	268.0	6.398E3	-1.923E4	-5643.1°	-2308.7
2.418	14.29	20.66	422.8	-647.6	-1.674E4	-1.056E4	-5725.3°	-2540.0
2.451	-20.14	16.42	-541.4	-540.8	-1.463E4	1.341E4	-5810.8°	-2414.0
2.484	-21.53	-15.21	-630.9	379.3	9.993E3	1.797E4	-5885.2°	-2115.9
2.517	5.019	-25.43	199.3	711.5	1.972E4	-5.881E3	-5951.2°	-2118.1
2.550	25.58	-2.012	766.7	-6.586	-1.336E3	-2.014E4	-6025.5°	-2394.7
2.583	4.583	25.34	151.6	-769.1	-1.956E4	-4.246E3	-6109.7°	-2520.8
2.616	-25.35	8.024	-704.0	-320.0	-8.845E3	1.824E4	-6192.4°	-2299.5
2.650	-16.61	-21.28	-451.5	579.7	1.577E4	1.332E4	-6262.0°	-2089.5
2.683	13.04	-21.88	426.3	610.0	1.617E4	-1.218E4	-6330.8°	-2178.3
2.716	23.79	6.948	707.7	-268.7	-7.714E3	-1.852E4	-6406.3°	-2415.4
2.749	-4.750	24.99	-102.1	-759.6	-1.947E4	2.502E3	-6490.8°	-2466.2
2.782	-26.52	0.185	-744.1	-72.63	-2.780E3	1.981E4	-6569.6°	-2231.1
2.815	-9.559	-24.28	-260.6	680.4	1.879E4	7.746E3	-6638.5°	-2080.2
2.848	18.54	-17.07	583.7	460.3	1.168E4	-1.661E4	-6707.4°	-2204.3
2.881	20.93	14.37	599.0	-476.5	-1.254E4	-1.542E4	-6784.5°	-2455.3
2.914	-13.02	22.59	-318.5	-707.5	-1.811E4	8.033E3	-6869.9°	-2416.8
2.948	-25.93	-6.720	-734.2	148.3	2.734E3	2.006E4	-6944.5°	-2157.4
2.981	-3.180	-26.11	-84.77	725.0	2.033E4	1.939E3	-7013.1°	-2055.7
3.014	22.17	-12.34	694.7	280.7	7.124E3	-1.891E4	-7080.9°	-2252.8
3.047	15.41	19.89	468.0	-613.7	-1.609E4	-1.132E4	-7162.2°	-2474.2
3.080	-18.48	18.65	-490.2	-580.1	-1.577E4	1.199E4	-7244.7°	-2361.9
3.113	-23.00	-12.57	-672.2	302.6	7.655E3	1.861E4	-7318.7°	-2094.8
3.146	1.561	-25.87	88.61	717.9	2.020E4	-2.566E3	-7383.5°	-2054.8
3.179	24.54	-6.702	743.5	141.9	2.352E3	-1.986E4	-7454.7°	-2286.6
3.213	10.96	23.37	307.2	-708.8	-1.793E4	-8.161E3	-7534.9°	-2475.5
3.246	-22.40	13.64	-595.9	-480.3	-1.278E4	1.532E4	-7618.7°	-2307.2
3.279	-20.85	-16.10	-584.7	442.4	1.125E4	1.694E4	-7687.7°	-2064.6
3.312	6.897	-25.07	212.8	699.0	1.905E4	-6.853E3	-7755.4°	-2081.2
3.345	25.44	-2.006	760.9	-24.13	-1.059E3	-2.005E4	-7825.5°	-2307.3
3.378	5.299	25.31	183.5	-754.8	-1.912E4	-4.453E3	-7908.2°	-2447.2
3.411	-24.55	10.14	-668.0	-355.4	-1.032E4	1.727E4	-7987.5°	-2233.1
3.444	-18.24	-18.92	-519.7	519.8	1.388E4	1.465E4	-8056.1°	-2029.8
3.478	9.937	-24.33	315.6	658.8	1.784E4	-9.541E3	-8122.2°	-2087.6
3.511	25.46	2.007	754.7	-128.4	-3.932E3	-1.959E4	-8194.5°	-2335.7
3.544	1.439	25.61	67.38	-775.1	-1.967E4	-1.765E3	-8276.8°	-2439.5
3.577	-25.84	6.467	-708.0	-255.0	-7.556E3	1.859E4	-8355.9°	-2221.6
3.610	-15.46	-21.33	-435.6	587.4	1.535E4	1.258E4	-8424.1°	-2024.6
3.643	13.17	-22.45	382.8	612.5	1.641E4	-1.168E4	-8490.4°	-2039.2
3.676	25.11	4.028	724.6	-214.5	-5.899E3	-1.902E4	-8559.1°	-2298.9
3.709	-1.005	25.42	2.486	-777.0	-1.949E4	296.3	-8642.3°	-2443.6
3.743	-26.36	4.193	-726.6	-190.6	-5.900E3	1.894E4	-8721.0°	-2211.5
3.776	-13.66	-22.83	-383.2	608.2	1.655E4	1.111E4	-8789.1°	-1998.0
3.809	13.93	-21.19	448.4	566.5	1.534E4	-1.263E4	-8853.3°	-2070.8
3.842	23.78	6.805	705.0	-257.9	-7.565E3	-1.797E4	-8926.0°	-2321.0
3.875	-3.153	25.50	-61.08	-751.9	-1.940E4	1.346E3	-9007.0°	-2380.7
3.908	-26.13	2.750	-732.2	-150.1	-4.656E3	1.909E4	-9084.0°	-2163.5
3.941	-13.09	-23.00	-354.4	626.0	1.704E4	1.033E4	-9150.3°	-2003.5
3.974	15.24	-20.67	467.0	563.9	1.468E4	-1.324E4	-9216.4°	-2080.0
4.007	24.26	7.933	693.9	-288.0	-8.060E3	-1.813E4	-9288.1°	-2294.1
4.041	-3.874	25.39	-84.45	-767.2	-1.932E4	1.870E3	-9368.7°	-2367.5
4.074	-26.57	2.338	-731.6	-139.4	-4.375E3	1.914E4	-9445.0°	-2142.2
4.107	-13.09	-23.00	-355.3	615.7	1.705E4	1.017E4	-9510.3°	-1945.0
4.140	14.22	-21.21	462.0	553.9	1.471E4	-1.313E4	-9573.8°	-2073.1
4.173	23.67	7.669	701.7	-279.8	-7.911E3	-1.780E4	-9648.0°	-2353.3
4.206	-4.309	25.26	-80.70	-760.5	-1.936E4	1.758E3	-9729.7°	-2376.7
4.239	-26.57	2.338	-726.3	-134.7	-4.415E3	1.915E4	-9805.0°	-2117.4
4.272	-13.23	-22.85	-352.6	618.7	1.663E4	1.016E4	-9869.9°	-1951.4
4.306	14.51	-21.07	440.9	562.7	1.490E4	-1.248E4	-9934.5°	-2036.0
4.339	24.05	6.364	705.6	-241.1	-7.179E3	-1.821E4	-10004.8°	-2248.5
4.372	-1.429	25.58	-37.27	-756.9	-1.921E4	718.3	-10083.2°	-2365.6
4.405	-26.08	3.896	-716.2	-192.4	-5.606E3	1.857E4	-10161.5°	-2168.7
4.438	-14.20	-21.95	-393.6	594.9	1.604E4	1.135E4	-10227.1°	-1955.0
4.471	13.32	-22.17	406.4	584.2	1.570E4	-1.171E4	-10291.0°	-2031.1
4.504	24.42	4.916	722.5	-207.5	-5.807E3	-1.851E4	-10361.4°	-2263.9
4.537	-0.422	25.68	21.30	-759.7	-1.933E4	-425.7	-10440.9°	-2334.9
4.571	-25.99	6.329	-700.5	-237.5	-7.104E3	1.826E4	-10516.3°	-2130.3
4.604	-16.16	-20.73	-449.4	565.5	1.486E4	1.261E4	-10582.1°	-1961.0
4.637	11.41	-23.39	343.8	627.1	1.677E4	-1.020E4	-10646.0°	-2003.3
4.670	25.31	2.013	734.0	-129.0	-3.782E3	-1.918E4	-10714.5°	-2225.7
4.703	2.860	25.26	107.7	-758.6	-1.908E4	-2.562E3	-10793.5°	-2341.5
4.736	-25.02	9.158	-669.2	-318.6	-9.054E3	1.737E4	-10869.9°	-2154.5
4.769	-18.24	-19.07	-509.2	510.2	1.307E4	1.420E4	-10936.3°	-1958.9
4.802	8.781	-24.58	259.8	657.4	1.793E4	-7.825E3	-10999.7°	-1955.4
4.835	25.30	-1.858	743.2	-22.65	-1.159E3	-1.939E4	-11065.8°	-2172.1
4.869	7.280	24.66	221.3	-727.1	-1.855E4	-5.361E3	-11143.6°	-2339.2
4.902	-22.86	12.80	-621.7	-424.9	-1.154E4	1.558E4	-11220.8°	-2186.2
4.935	-20.87	-16.53	-579.2	418.7	1.087E4	1.611E4	-11288.4°	-1962.8
4.968	4.870	-25.57	161.2	688.1	1.871E4	-4.434E3	-11350.8°	-1936.9
5.001	24.72	-5.849	722.6	117.2	2.326E3	-1.923E4	-11416.7°	-2108.5
5.034	12.64	22.30	359.6	-667.6	-1.705E4	-8.756E3	-11490.5°	-2274.3
5.067	-19.51	17.97	-511.1	-541.7	-1.444E4	1.293E4	-11567.3°	-2203.5
5.100	-23.25	-11.56	-667.4	296.2	7.043E3	1.788E4	-11636.4°	-2006.3
5.134	0.113	-26.24	9.224	699.4	1.934E4	-563.0	-11700.2°	-1935.3
5.167	23.08	-10.95	680.1	260.5	6.487E3	-1.823E4	-11764.6°	-2068.6
5.200	17.37	18.81	494.4	-573.5	-1.468E4	-1.223E4	-11837.3°	-2260.3
5.233	-14.91	21.81	-372.7	-648.8	-1.680E4	9.512E3	-11914.4°	-2198.5
5.266	-25.61	-5.872	-711.1	140.8	2.650E3	1.896E4	-11982.9°	-2010.5
5.299	-5.585	-25.30	-156.7	682.1	1.866E4	4.133E3	-12047.6°	-1922.8
5.332	19.57	-16.26	585.1	419.1	1.060E4	-1.610E4	-12110.3°	-2018.4
5.365	22.18	13.46	614.0	-421.6	-1.115E4	-1.564E4	-12181.3°	-2243.2
5.399	-8.357	24.42	-202.5	-737.3	-1.839E4	4.671E3	-12258.9°	-2243.8
5.432	-26.67	4.744E-2	-718.4	-58.62	-2.120E3	1.922E4	-12329.9°	-2011.7
5.465	-12.24	-23.17	-316.8	623.8	1.654E4	9.053E3	-12392.2°	-1888.5
5.498	14.66	-20.94	432.4	560.3	1.441E4	-1.226E4	-12455.0°	-1966.1
5.531	24.88	5.471	700.9	-212.6	-6.004E3	-1.818E4	-12522.4°	-2169.4
5.564	0.575	25.50	36.21	-753.9	-1.884E4	-910.6	-12598.7°	-2266.8
5.597	-25.07	7.870	-675.2	-275.5	-7.836E3	1.741E4	-12672.6°	-2093.8
5.630	-17.68	-19.23	-489.5	504.5	1.321E4	1.361E4	-12737.4°	-1905.2
5.664	8.351	-24.56	253.8	653.8	1.753E4	-7.267E3	-12798.8°	-1922.0
5.697	25.57	-2.441	733.0	18.04	-111.9	-1.899E4	-12864.5°	-2110.9
5.730	9.542	23.85	278.6	-696.9	-1.777E4	-6.919E3	-12938.2°	-2228.3
5.763	-20.59	16.01	-554.9	-488.1	-1.294E4	1.387E4	-13012.1°	-2129.1
5.796	-22.88	-13.01	-631.5	317.1	7.836E3	1.719E4	-13079.6°	-1944.2
5.829	0.416	-25.82	20.08	701.7	1.870E4	-737.8	-13140.9°	-1876.0
5.862	23.48	-11.68	655.8	272.6	6.606E3	-1.792E4	-13203.6°	-2003.6
5.895	18.47	17.62	515.9	-549.5	-1.370E4	-1.282E4	-13273.7°	-2203.9
5.928	-13.02	22.59	-322.0	-670.6	-1.719E4	8.358E3	-13349.9°	-2181.0
5.962	-25.95	-3.708	-716.9	73.74	844.8	1.884E4	-13418.1°	-1995.7
5.995	-8.145	-24.77	-233.6	653.3	1.743E4	6.142E3	-13481.8°	-1871.5
6.028	17.31	-19.18	494.9	486.0	1.280E4	-1.387E4	-13542.1°	-1909.2
6.061	24.12	8.082	671.5	-291.6	-7.705E3	-1.712E4	-13608.5°	-2150.4
6.094	-2.013	25.31	-26.59	-755.5	-1.859E4	798.0	-13684.5°	-2233.8
6.127	-25.84	6.323	-679.2	-228.0	-6.595E3	1.764E4	-13756.3°	-2029.4
6.160	-17.12	-19.68	-461.0	513.3	1.335E4	1.281E4	-13819.0°	-1845.5
6.193	8.219	-24.27	256.2	640.0	1.698E4	-7.230E3	-13878.7°	-1885.4
6.226	25.27	-2.716	720.9	32.75	195.7	-1.870E4	-13943.9°	-2077.6
6.260	10.38	23.39	301.9	-685.0	-1.716E4	-7.509E3	-14016.1°	-2195.8
6.293	-20.11	17.28	-517.3	-519.3	-1.353E4	1.319E4	-14089.3°	-2084.8
6.326	-24.09	-10.95	-649.4	279.5	6.460E3	1.744E4	-14154.4°	-1919.0
6.359	-1.588	-25.74	-42.45	692.1	1.839E4	799.5	-14216.5°	-1862.2
6.392	21.68	-13.76	617.8	332.2	8.451E3	-1.668E4	-14277.6°	-1967.0
6.425	20.38	15.11	574.1	-459.8	-1.186E4	-1.431E4	-14346.6°	-2147.0
6.458	-8.792	24.29	-218.6	-706.9	-1.780E4	5.440E3	-14419.9°	-2142.8
6.491	-26.50	0.614	-705.7	-58.12	-2.350E3	1.845E4	-14488.7°	-1973.8
6.525	-12.64	-22.44	-350.6	601.0	1.538E4	9.387E3	-14550.6°	-1839.4
6.558	13.30	-22.60	358.3	577.0	1.532E4	-1.046E4	-14610.5°	-1846.4
6.591	25.57	1.286	718.7	-108.1	-2.829E3	-1.829E4	-14672.9°	-2049.2
6.624	6.146	24.99	193.0	-722.0	-1.803E4	-4.316E3	-14746.2°	-2186.7
6.657	-22.24	14.07	-587.2	-425.8	-1.158E4	1.475E4	-14817.7°	-2054.2
6.690	-22.05	-13.90	-606.9	348.5	8.522E3	1.603E4	-14882.2°	-1874.6
6.723	0.834	-26.13	25.38	674.3	1.816E4	-1.096E3	-14941.8°	-1802.8
6.756	22.60	-12.22	642.9	276.5	7.056E3	-1.691E4	-15001.6°	-1945.6
6.789	19.14	16.45	545.6	-495.9	-1.280E4	-1.326E4	-15070.7°	-2137.8
6.823	-10.24	23.92	-258.7	-687.8	-1.744E4	6.356E3	-15143.2°	-2126.2
6.856	-26.41	-0.680	-706.9	-27.86	-1.408E3	1.818E4	-15211.5°	-1947.9
6.889	-12.09	-22.89	-322.2	595.7	1.557E4	8.873E3	-15272.2°	-1799.4
6.922	13.04	-22.02	370.9	567.7	1.473E4	-1.042E4	-15330.6°	-1833.5
6.955	25.59	1.715	704.3	-104.1	-2.982E3	-1.804E4	-15393.8°	-2041.2
6.988	6.135	24.70	193.0	-720.1	-1.773E4	-4.579E3	-15466.1°	-2158.5
7.021	-22.08	14.49	-574.0	-436.3	-1.154E4	1.444E4	-15536.7°	-2028.0
7.054	-22.75	-13.30	-608.4	324.7	7.980E3	1.619E4	-15600.3°	-1842.5
7.088	-0.586	-25.78	3.766	673.7	1.788E4	-173.9	-15658.7°	-1795.3
7.121	21.85	-13.05	617.7	316.7	7.691E3	-1.632E4	-15719.2°	-1931.4
7.154	20.38	15.11	565.7	-452.0	-1.154E4	-1.412E4	-15786.6°	-2101.8
7.187	-8.070	24.40	-193.1	-705.0	-1.773E4	4.751E3	-15858.3°	-2090.5
7.220	-26.29	2.327	-698.8	-98.89	-3.222E3	1.784E4	-15924.9°	-1930.3
7.253	-14.63	-21.93	-395.9	555.1	1.450E4	1.042E4	-15986.3°	-1791.3
7.286	10.53	-23.93	309.5	607.6	1.599E4	-8.193E3	-16043.7°	-1819.4
7.319	25.61	-1.439	716.4	4.424	-571.7	-1.820E4	-16106.8°	-1986.5
7.352	10.82	23.52	295.0	-672.5	-1.682E4	-7.426E3	-16175.3°	-2106.7
7.386	-18.93	18.09	-487.5	-538.8	-1.368E4	1.201E4	-16246.3°	-2025.5
7.419	-24.86	-8.769	-659.7	203.5	4.750E3	1.741E4	-16309.4°	-1837.4
7.452	-5.453	-25.59	-136.5	661.4	1.719E4	3.401E3	-16368.0°	-1771.9
7.485	18.94	-17.81	523.1	437.8	1.115E4	-1.384E4	-16426.8°	-1856.4
7.518	23.58	9.106	653.8	-290.0	-7.512E3	-1.647E4	-16491.1°	-2019.5
7.551	-0.284	25.53	9.356	-732.4	-1.818E4	-43.88	-16560.6°	-2079.4
7.584	-24.85	9.725	-642.9	-298.5	-8.000E3	1.617E4	-16628.6°	-1960.8
7.617	-20.02	-16.99	-535.9	426.6	1.057E4	1.407E4	-16690.3°	-1794.3
7.651	3.428	-25.80	105.9	656.8	1.734E4	-2.936E3	-16747.6°	-1760.0
7.684	23.55	-9.961	655.3	231.4	5.420E3	-1.692E4	-16807.1°	-1896.4
7.717	18.76	17.61	509.3	-512.3	-1.302E4	-1.257E4	-16873.2°	-2061.0
7.750	-10.39	23.78	-261.0	-681.2	-1.684E4	6.169E3	-16943.6°	-2054.6
7.783	-26.37	0.322	-690.4	-55.35	-1.893E3	1.772E4	-17009.3°	-1868.4
7.816	-14.06	-21.96	-361.8	559.3	1.450E4	9.663E3	-17067.4°	-1736.1
7.849	10.68	-23.65	305.4	598.6	1.533E4	-8.226E3	-17124.3°	-1792.9
7.882	25.60	-1.726	705.2	8.319	-158.7	-1.776E4	-17186.1°	-1958.4
7.916	11.23	23.07	317.9	-651.9	-1.618E4	-7.751E3	-17254.0°	-2055.4
7.949	-17.59	19.33	-448.0	-550.1	-1.412E4	1.113E4	-17322.3°	-1972.1
7.982	-25.21	-6.605	-668.3	153.3	3.284E3	1.710E4	-17384.7°	-1828.1
8.015	-7.435	-24.94	-200.2	632.7	1.648E4	4.906E3	-17443.4°	-1741.7
8.048	16.71	-19.87	463.5	485.7	1.252E4	-1.220E4	-17500.1°	-1807.1
8.081	24.74	5.763	680.8	-196.1	-5.138E3	-1.695E4	-17563.1°	-1985.9
8.114	3.719	25.23	119.1	-716.0	-1.758E4	-2.952E3	-17631.6°	-2050.7
8.147	-22.69	13.65	-572.6	-407.8	-1.043E4	1.452E4	-17699.0°	-1916.9
8.181	-23.30	-12.70	-597.0	320.6	7.451E3	1.558E4	-17758.6°	-1778.8
8.214	-1.451	-25.89	-41.36	665.0	1.694E4	667.9	-17816.8°	-1732.2
8.247	20.75	-15.44	563.6	362.0	9.231E3	-1.489E4	-17873.3°	-1813.4
8.280	22.53	11.44	617.7	-352.2	-8.870E3	-1.510E4	-17936.9°	-1999.2
8.313	-2.580	25.48	-47.52	-716.1	-1.765E4	1.208E3	-18005.8°	-2032.8
8.346	-24.91	8.294	-641.1	-261.2	-7.038E3	1.610E4	-18071.6°	-1883.0
8.379	-19.88	-16.99	-516.6	423.3	1.054E4	1.343E4	-18130.5°	-1740.7
8.412	3.136	-25.93	93.30	653.0	1.674E4	-2.663E3	-18186.9°	-1730.7
8.445	23.37	-10.81	635.2	248.0	5.983E3	-1.632E4	-18245.2°	-1851.4
8.479	19.56	16.15	529.5	-474.7	-1.181E4	-1.310E4	-18309.5°	-2011.3
8.512	-8.076	24.26	-191.3	-691.4	-1.678E4	4.641E3	-18378.4°	-2006.6
8.545	-26.24	3.472	-661.3	-134.3	-3.807E3	1.703E4	-18442.5°	-1820.9
8.578	-16.97	-19.55	-428.9	502.5	1.246E4	1.128E4	-18499.0°	-1710.5
8.611	7.046	-24.94	193.7	630.9	1.591E4	-5.421E3	-18555.8°	-1748.6
8.644	24.83	-6.713	671.8	141.2	3.415E3	-1.702E4	-18614.9°	-1875.8
8.677	16.40	19.57	452.5	-553.5	-1.362E4	-1.107E4	-18680.0°	-1994.3
8.710	-11.84	23.26	-288.2	-649.8	-1.606E4	7.115E3	-18747.0°	-1946.4
8.744	-26.65	0.477	-678.0	-39.71	-1.498E3	1.715E4	-18809.0°	-1800.3
8.777	-14.47	-21.65	-370.1	548.1	1.368E4	9.501E3	-18866.2°	-1704.6
8.810	9.662	-24.04	264.1	601.3	1.531E4	-7.144E3	-18921.9°	-1727.8
8.843	25.36	-4.154	685.5	70.30	1.538E3	-1.723E4	-18980.7°	-1876.1
8.876	14.32	21.37	395.9	-599.0	-1.462E4	-9.551E3	-19046.2°	-1997.0
8.909	-14.33	22.07	-348.5	-616.3	-1.529E4	8.631E3	-19113.0°	-1927.0
8.942	-26.45	-1.682	-674.9	25.40	55.48	1.708E4	-19173.6°	-1779.8
8.975	-12.65	-22.58	-323.1	569.1	1.430E4	8.203E3	-19230.8°	-1695.4
9.008	11.28	-23.10	308.2	576.6	1.458E4	-8.095E3	-19286.0°	-1726.3
9.042	25.58	-2.155	684.5	26.98	323.4	-1.721E4	-19345.2°	-1864.4
9.075	13.06	22.28	353.9	-623.0	-1.515E4	-8.604E3	-19409.6°	-1982.1
9.108	-15.65	21.26	-384.5	-594.6	-1.472E4	9.455E3	-19476.4°	-1925.1
9.141	-26.22	-3.124	-675.5	62.11	916.6	1.707E4	-19536.8°	-1773.6
9.174	-11.54	-23.49	-299.8	584.9	1.477E4	7.270E3	-19593.8°	-1686.8
9.207	12.57	-23.00	337.6	554.7	1.415E4	-8.587E3	-19648.7°	-1715.6
9.240	25.19	-1.136	682.2	0.900	-251.0	-1.687E4	-19707.4°	-1837.8
9.273	12.63	22.15	333.8	-612.7	-1.521E4	-8.171E3	-19770.3°	-1946.2
9.306	-15.37	20.96	-383.9	-589.0	-1.432E4	9.306E3	-19836.3°	-1914.5
9.340	-26.37	-3.262	-670.2	55.73	1.037E3	1.676E4	-19897.1°	-1768.7
9.373	-11.68	-23.48	-292.9	576.4	1.446E4	7.586E3	-19953.6°	-1666.9
9.406	11.87	-22.69	326.5	563.0	1.408E4	-8.439E3	-20007.6°	-1695.8
9.439	25.59	-1.869	675.2	13.62	28.99	-1.686E4	-20065.8°	-1847.0
9.472	12.77	22.01	351.2	-614.2	-1.483E4	-8.473E3	-20129.9°	-1954.0
9.505	-15.07	21.38	-368.7	-590.6	-1.452E4	8.983E3	-20195.2°	-1893.3
9.538	-26.33	-2.403	-665.0	32.16	407.6	1.664E4	-20255.2°	-1736.6
9.572	-12.94	-22.72	-318.2	560.3	1.395E4	8.106E3	-20310.3°	-1651.3
9.605	10.83	-23.51	291.0	580.9	1.438E4	-7.473E3	-20364.7°	-1691.0
9.638	25.53	-3.443	673.2	59.01	1.113E3	-1.686E4	-20422.3°	-1816.5
9.671	14.74	21.07	389.1	-588.7	-1.418E4	-9.433E3	-20485.0°	-1944.5
9.704	-13.46	22.32	-324.2	-619.0	-1.502E4	7.838E3	-20551.1°	-1900.3
9.737	-26.25	-0.399	-662.8	-17.48	-860.1	1.661E4	-20610.9°	-1732.0
9.770	-14.62	-21.65	-362.6	528.6	1.316E4	9.091E3	-20666.0°	-1642.9
9.803	8.786	-24.43	238.7	599.1	1.487E4	-5.992E3	-20719.8°	-1676.0
9.836	25.00	-5.860	660.5	127.9	2.754E3	-1.632E4	-20776.8°	-1789.7
9.869	17.25	19.25	446.8	-527.3	-1.299E4	-1.097E4	-20838.1°	-1899.4
9.903	-9.960	23.76	-248.6	-653.7	-1.565E4	5.762E3	-20902.7°	-1896.6
9.936	-26.13	2.750	-653.6	-110.2	-2.838E3	1.620E4	-20964.0°	-1748.1
9.969	-17.26	-19.54	-423.4	474.6	1.187E4	1.087E4	-21018.5°	-1628.3
10.002	5.311	-25.30	159.4	623.1	1.522E4	-3.974E3	-21071.9°	-1675.1
10.035	24.02	-8.975	625.7	215.1	4.962E3	-1.552E4	-21129.5°	-1776.5
10.068	19.56	16.15	513.4	-451.6	-1.113E4	-1.265E4	-21189.5°	-1867.9
10.101	-5.895	25.04	-142.1	-676.5	-1.619E4	3.320E3	-21253.2°	-1895.1
10.135	-25.25	6.730	-630.1	-213.1	-5.443E3	1.541E4	-21315.1°	-1760.1
10.168	-20.01	-16.70	-496.3	402.5	9.778E3	1.243E4	-21369.8°	-1630.3
10.201	1.407	-26.15	42.29	629.3	1.549E4	-1.256E3	-21423.1°	-1622.5
10.234	21.67	-13.90	565.2	320.9	7.890E3	-1.403E4	-21477.3°	-1711.9
10.267	22.67	11.29	597.3	-329.2	-8.167E3	-1.445E4	-21536.5°	-1856.4
10.300	-0.135	25.67	10.14	-696.5	-1.657E4	-242.3	-21600.3°	-1909.7
10.333	-23.47	11.96	-575.0	-347.3	-8.587E3	1.419E4	-21663.0°	-1780.1
10.366	-23.14	-12.42	-568.2	304.4	7.036E3	1.426E4	-21718.2°	-1655.6
10.400	-3.306	-25.68	-83.13	626.5	1.514E4	1.810E3	-21772.7°	-1622.2
10.433	18.36	-17.93	468.1	423.2	1.055E4	-1.192E4	-21825.7°	-1653.1
10.466	24.73	5.334	645.6	-180.2	-4.335E3	-1.554E4	-21882.2°	-1808.6
10.499	6.427	24.84	188.5	-663.5	-1.579E4	-4.244E3	-21945.5°	-1887.0
10.532	-19.23	17.82	-470.1	-481.7	-1.202E4	1.133E4	-22007.2°	-1787.5
10.565	-25.48	-6.308	-637.5	139.4	3.196E3	1.555E4	-22063.9°	-1668.9
10.598	-9.994	-24.41	-239.4	583.6	1.429E4	5.903E3	-22117.7°	-1612.6
10.631	13.18	-22.17	344.5	539.5	1.317E4	-8.610E3	-22170.7°	-1641.4
10.665	25.74	-1.588	662.1	4.454	-73.53	-1.613E4	-22226.5°	-1772.7
10.698	13.47	21.69	360.6	-583.1	-1.396E4	-8.578E3	-22288.2°	-1865.0
10.731	-12.88	22.30	-318.3	-599.1	-1.445E4	7.514E3	-22350.0°	-1819.4
10.764	-26.21	0.603	-645.2	-49.24	-1.349E3	1.576E4	-22408.7°	-1685.8
10.797	-16.15	-20.44	-391.6	491.0	1.179E4	9.613E3	-22461.7°	-1589.7
10.830	6.313	-25.34	160.3	601.5	1.465E4	-4.078E3	-22514.0°	-1597.0
10.863	23.70	-9.823	611.4	217.0	5.118E3	-1.487E4	-22567.5°	-1695.7
10.896	20.67	15.10	528.6	-413.3	-1.005E4	-1.266E4	-22626.2°	-1827.2
10.929	-3.599	25.09	-83.72	-676.4	-1.598E4	1.819E3	-22688.2°	-1845.5
10.963	-24.14	9.554	-589.8	-278.2	-6.802E3	1.437E4	-22748.4°	-1723.0
10.996	-22.06	-14.04	-538.8	327.2	7.665E3	1.315E4	-22802.5°	-1603.3
11.029	-2.464	-26.14	-58.93	616.7	1.481E4	1.330E3	-22854.6°	-1567.5
11.062	18.79	-17.95	472.7	416.9	1.010E4	-1.174E4	-22906.3°	-1615.4
11.095	25.15	5.174	638.9	-176.1	-4.027E3	-1.530E4	-22961.6°	-1772.0
11.128	7.126	24.38	209.7	-654.0	-1.541E4	-4.602E3	-23023.7°	-1841.7
11.161	-18.17	19.07	-439.2	-497.8	-1.229E4	1.049E4	-23083.6°	-1760.6
11.194	-25.85	-4.716	-641.9	87.24	1.996E3	1.520E4	-23140.3°	-1638.2
11.227	-12.39	-23.45	-285.4	542.8	1.339E4	6.913E3	-23192.1°	-1552.2
11.261	10.11	-23.62	274.6	556.2	1.348E4	-6.301E3	-23243.2°	-1595.6
11.294	24.45	-5.265	636.1	116.0	2.350E3	-1.510E4	-23297.8°	-1705.4
11.327	17.79	18.51	451.7	-477.8	-1.171E4	-1.086E4	-23356.1°	-1787.8
11.360	-7.200	24.66	-175.6	-651.9	-1.518E4	3.808E3	-23416.3°	-1791.9
11.393	-25.39	6.879	-608.7	-205.8	-4.967E3	1.470E4	-23474.8°	-1670.6
11.426	-20.83	-15.67	-499.5	372.0	8.782E3	1.213E4	-23526.9°	-1562.8
11.459	-0.746	-26.21	-9.063	614.3	1.465E4	92.11	-23578.4°	-1566.0
11.492	19.86	-16.27	504.4	381.3	9.067E3	-1.217E4	-23630.7°	-1630.5
11.526	24.51	7.206	618.7	-211.5	-5.053E3	-1.485E4	-23686.4°	-1751.2
11.559	5.849	24.72	166.5	-655.7	-1.529E4	-3.851E3	-23746.7°	-1806.6
11.592	-18.92	18.24	-448.5	-480.8	-1.147E4	1.067E4	-23806.1°	-1723.8
11.625	-26.00	-4.997	-625.0	96.57	2.119E3	1.491E4	-23860.9°	-1593.2
11.658	-12.53	-23.16	-287.4	538.4	1.300E4	6.935E3	-23911.6°	-1525.0
11.691	9.662	-24.04	259.1	564.3	1.334E4	-5.971E3	-23961.9°	-1582.6
11.724	24.85	-5.998	628.6	139.5	2.963E3	-1.502E4	-24016.4°	-1676.7
11.757	18.90	17.61	472.9	-466.2	-1.105E4	-1.134E4	-24073.0°	-1765.5
11.791	-6.027	25.33	-131.9	-661.0	-1.530E4	3.112E3	-24133.4°	-1772.5
11.824	-24.88	8.866	-596.5	-239.9	-5.861E3	1.418E4	-24190.4°	-1653.4
11.857	-21.92	-14.19	-521.4	325.7	7.668E3	1.244E4	-24242.9°	-1543.9
11.890	-3.306	-25.68	-64.74	599.1	1.411E4	1.490E3	-24292.7°	-1524.1
11.923	17.77	-18.48	437.5	430.6	1.008E4	-1.049E4	-24343.9°	-1582.1
11.956	25.22	3.307	629.9	-111.5	-2.639E3	-1.498E4	-24397.5°	-1691.7
11.989	10.38	23.25	270.6	-606.1	-1.409E4	-6.324E3	-24455.9°	-1776.0
12.022	-14.93	21.23	-352.5	-557.1	-1.301E4	8.355E3	-24515.1°	-1725.1
12.056	-26.53	-0.101	-629.1	-18.30	-675.8	1.478E4	-24570.2°	-1608.8
12.089	-16.15	-20.44	-384.1	465.3	1.108E4	9.137E3	-24621.7°	-1499.5
12.122	4.298	-25.55	128.4	587.2	1.390E4	-2.981E3	-24669.5°	-1519.0
12.155	22.76	-11.94	562.6	277.6	6.253E3	-1.323E4	-24722.3°	-1627.0
12.188	22.68	11.72	566.6	-319.6	-7.421E3	-1.351E4	-24777.3°	-1723.0
12.221	1.583	25.60	58.65	-664.3	-1.535E4	-1.277E3	-24836.5°	-1758.1
12.254	-21.32	15.61	-503.4	-407.2	-9.613E3	1.181E4	-24893.8°	-1668.0
12.287	-25.40	-7.745	-599.4	162.5	3.735E3	1.419E4	-24947.0°	-1548.1
12.321	-10.56	-24.10	-234.1	557.8	1.300E4	5.553E3	-24996.3°	-1501.5
12.354	11.56	-23.25	283.9	539.3	1.253E4	-6.787E3	-25046.4°	-1536.4
12.387	25.17	-5.293	621.5	100.2	2.319E3	-1.479E4	-25098.1°	-1632.3
12.420	18.20	17.92	458.0	-473.2	-1.088E4	-1.064E4	-25154.6°	-1747.2
12.453	-6.181	25.05	-130.3	-647.9	-1.480E4	3.095E3	-25213.9°	-1733.7
12.486	-24.72	9.290	-572.3	-249.8	-6.085E3	1.371E4	-25269.4°	-1594.9
12.519	-22.73	-12.87	-531.3	301.5	6.720E3	1.234E4	-25319.5°	-1512.7
12.552	-4.749	-25.91	-114.0	586.4	1.357E4	2.309E3	-25369.6°	-1490.9
12.586	16.11	-20.42	395.4	457.1	1.091E4	-9.203E3	-25418.3°	-1525.0
12.619	25.53	0.284	633.3	-33.47	-915.9	-1.465E4	-25470.6°	-1643.7
12.652	13.90	21.53	346.4	-551.2	-1.275E4	-8.175E3	-25527.2°	-1731.0
12.685	-10.98	23.23	-253.1	-607.3	-1.378E4	5.804E3	-25585.3°	-1699.5
12.718	-26.34	4.766	-604.7	-142.9	-3.252E3	1.430E4	-25639.7°	-1572.1
12.751	-20.45	-16.83	-465.2	382.1	8.714E3	1.100E4	-25689.5°	-1479.4
12.784	-1.027	-26.05	-6.221	597.1	1.351E4	159.1	-25737.7°	-1486.7
12.817	19.11	-17.24	454.0	396.6	9.160E3	-1.088E4	-25787.9°	-1529.3
12.850	25.25	4.023	618.9	-138.2	-2.968E3	-1.448E4	-25839.1°	-1651.7
12.884	9.966	23.69	271.3	-603.6	-1.394E4	-5.877E3	-25897.2°	-1735.6
12.917	-14.62	21.94	-350.6	-548.3	-1.276E4	7.855E3	-25953.7°	-1687.4
12.950	-26.36	0.466	-616.1	-50.21	-1.080E3	1.415E4	-26009.0°	-1550.2
12.983	-17.95	-18.93	-397.7	423.8	9.960E3	9.399E3	-26056.5°	-1431.2
13.016	1.704	-25.87	55.07	580.2	1.313E4	-1.257E3	-26103.8°	-1460.6
13.049	20.47	-15.29	495.2	344.3	7.910E3	-1.157E4	-26153.3°	-1540.3
13.082	24.50	6.920	601.1	-201.5	-4.386E3	-1.385E4	-26205.8°	-1669.1
13.115	7.131	24.52	206.3	-619.7	-1.410E4	-4.441E3	-26263.8°	-1706.6
13.148	-16.54	20.58	-378.4	-506.4	-1.193E4	8.815E3	-26318.8°	-1621.5
13.182	-26.40	-0.536	-614.7	-4.743	-322.4	1.387E4	-26371.2°	-1529.4
13.215	-16.85	-20.12	-385.5	443.8	1.038E4	8.741E3	-26420.1°	-1440.2
13.248	2.987	-26.07	89.74	579.4	1.319E4	-1.946E3	-26466.5°	-1458.1
13.281	21.52	-14.18	513.4	321.2	7.212E3	-1.188E4	-26516.6°	-1533.8
13.314	24.26	7.933	584.9	-228.1	-4.993E3	-1.361E4	-26568.1°	-1642.0
13.347	6.416	24.55	182.6	-622.8	-1.399E4	-3.821E3	-26625.4°	-1694.3
13.380	-16.99	20.02	-385.5	-491.5	-1.154E4	8.961E3	-26680.3°	-1612.6
13.413	-26.13	-0.977	-610.7	4.074	-95.48	1.378E4	-26732.1°	-1515.7
13.446	-16.72	-20.42	-378.5	447.5	1.032E4	8.425E3	-26780.7°	-1441.4
13.480	3.559	-26.09	91.90	574.1	1.304E4	-1.948E3	-26827.8°	-1439.3
13.513	21.37	-14.32	509.3	316.7	7.195E3	-1.174E4	-26876.2°	-1502.8
13.546	24.53	7.635	586.6	-217.2	-4.832E3	-1.344E4	-26927.3°	-1629.7
13.579	6.988	24.53	191.1	-618.2	-1.375E4	-4.185E3	-26984.1°	-1686.3
13.612	-16.40	20.29	-369.8	-503.9	-1.159E4	8.623E3	-27039.0°	-1598.0
13.645	-26.38	3.615E-2	-601.2	-17.20	-504.5	1.375E4	-27089.9°	-1496.5
13.678	-17.54	-19.52	-393.8	434.8	9.780E3	8.755E3	-27138.1°	-1440.2
13.711	2.414	-26.05	63.97	574.1	1.295E4	-1.395E3	-27185.3°	-1437.5
13.745	20.47	-15.29	486.7	339.6	7.664E3	-1.102E4	-27233.3°	-1489.8
13.778	24.90	6.187	589.0	-167.3	-3.858E3	-1.349E4	-27284.0°	-1587.7
13.811	9.394	23.72	233.4	-592.7	-1.320E4	-5.258E3	-27338.4°	-1654.8
13.844	-14.34	21.64	-324.8	-533.7	-1.208E4	7.377E3	-27393.5°	-1610.6
13.877	-26.01	2.172	-598.1	-73.29	-1.763E3	1.349E4	-27445.2°	-1502.4
13.910	-19.21	-18.02	-433.3	387.9	8.859E3	9.586E3	-27493.2°	-1420.9
13.943	-0.328	-26.51	3.362	574.0	1.290E4	3.679	-27539.3°	-1410.5
13.976	18.80	-17.80	443.8	390.0	8.840E3	-9.896E3	-27586.6°	-1467.1
14.010	25.49	2.866	605.7	-93.07	-2.039E3	-1.373E4	-27636.4°	-1569.6
14.043	12.64	22.30	316.3	-552.8	-1.227E4	-6.922E3	-27690.5°	-1640.3
14.076	-11.10	23.81	-241.1	-576.0	-1.300E4	5.561E3	-27745.0°	-1593.5
14.109	-25.56	6.312	-580.8	-158.9	-3.728E3	1.319E4	-27796.1°	-1494.9
14.142	-21.66	-14.77	-484.8	327.2	7.221E3	1.073E4	-27844.3°	-1439.0
14.175	-3.884	-25.80	-87.43	568.7	1.255E4	1.764E3	-27891.4°	-1413.8
14.208	15.96	-20.56	365.4	444.9	1.021E4	-8.287E3	-27937.8°	-1434.0
14.241	25.60	-1.583	607.5	10.96	361.0	-1.342E4	-27986.5°	-1537.7
14.275	16.69	19.70	403.8	-473.0	-1.062E4	-8.963E3	-28039.7°	-1605.6
14.308	-5.746	25.17	-127.4	-610.8	-1.369E4	2.707E3	-28092.9°	-1583.6
14.341	-23.79	11.26	-536.2	-282.9	-6.052E3	1.202E4	-28144.7°	-1510.1
14.374	-24.49	-10.36	-536.5	216.8	4.832E3	1.204E4	-28192.9°	-1420.7
14.407	-9.416	-24.29	-198.7	533.9	1.172E4	4.504E3	-28238.8°	-1387.5
14.440	10.83	-23.51	253.0	517.8	1.136E4	-5.608E3	-28284.7°	-1425.9
14.473	24.79	-7.572	573.7	161.1	3.488E3	-1.271E4	-28333.0°	-1498.2
14.506	21.50	14.49	499.4	-349.4	-7.786E3	-1.138E4	-28384.0°	-1557.4
14.540	1.583	25.60	39.75	-624.0	-1.365E4	-930.3	-28436.5°	-1588.3
14.573	-19.83	17.13	-439.4	-416.8	-9.090E3	9.910E3	-28489.2°	-1530.1
14.606	-25.94	-3.422	-578.2	65.93	1.363E3	1.286E4	-28537.5°	-1429.3
14.639	-15.46	-21.18	-337.7	453.5	9.985E3	7.228E3	-28583.9°	-1380.7
14.672	4.143	-25.83	99.41	553.8	1.213E4	-2.170E3	-28629.1°	-1383.0
14.705	21.22	-14.60	485.8	309.3	6.961E3	-1.071E4	-28675.5°	-1439.5
14.738	24.62	6.341	576.1	-170.0	-3.699E3	-1.279E4	-28724.4°	-1534.3
14.771	9.961	23.55	243.2	-568.5	-1.234E4	-5.325E3	-28777.1°	-1595.8
14.804	-13.02	22.45	-277.4	-541.4	-1.191E4	6.349E3	-28830.1°	-1534.5
14.838	-25.89	5.178	-568.8	-124.2	-2.947E3	1.268E4	-28878.7°	-1442.1
14.871	-21.25	-15.22	-471.8	325.6	6.966E3	1.001E4	-28925.6°	-1387.6
14.904	-4.325	-26.07	-93.06	548.4	1.216E4	1.881E3	-28970.6°	-1352.4
14.937	15.07	-21.38	350.2	453.3	1.004E4	-7.432E3	-29015.2°	-1404.9
14.970	25.69	-2.877	593.3	51.53	937.0	-1.287E4	-29063.6°	-1493.7
15.003	18.48	17.91	421.7	-427.2	-9.391E3	-9.618E3	-29114.1°	-1544.9
15.036	-2.597	25.05	-53.88	-610.5	-1.316E4	1.181E3	-29165.9°	-1551.4
15.069	-21.94	14.34	-475.7	-345.7	-7.293E3	1.060E4	-29216.8°	-1484.2
15.102	-25.49	-6.451	-552.6	123.3	2.603E3	1.215E4	-29264.2°	-1380.2
15.136	-13.78	-22.25	-287.1	473.6	1.023E4	6.221E3	-29308.2°	-1340.9
15.169	5.878	-25.46	136.3	543.5	1.147E4	-2.923E3	-29353.0°	-1373.2
15.202	22.28	-13.21	494.7	278.8	6.132E3	-1.080E4	-29399.3°	-1413.7
15.235	24.38	7.355	555.2	-190.3	-4.009E3	-1.232E4	-29446.8°	-1485.0
15.268	9.674	23.56	230.0	-562.5	-1.217E4	-4.926E3	-29497.7°	-1553.7
15.301	-12.87	22.59	-279.8	-535.0	-1.152E4	6.111E3	-29549.7°	-1529.3
15.334	-25.75	5.029	-563.1	-134.6	-2.861E3	1.243E4	-29598.9°	-1423.6
15.368	-21.80	-14.77	-462.3	312.7	6.742E3	9.999E3	-29644.1°	-1357.2
15.401	-5.024	-25.61	-106.0	542.3	1.146E4	2.280E3	-29688.9°	-1342.1
15.434	14.05	-21.77	312.9	462.5	1.003E4	-6.774E3	-29732.8°	-1363.3
15.467	25.61	-4.881	573.1	91.71	1.931E3	-1.251E4	-29779.2°	-1447.6
15.500	20.14	16.27	457.1	-391.2	-8.121E3	-1.009E4	-29828.9°	-1531.8
15.533	-0.290	25.39	13.08	-607.1	-1.298E4	11.30	-29880.7°	-1520.4
15.566	-19.97	17.13	-426.4	-384.8	-8.481E3	9.526E3	-29929.4°	-1444.4
15.599	-25.78	-2.855	-565.6	51.12	966.7	1.195E4	-29976.3°	-1378.9
15.632	-16.58	-20.42	-352.1	421.1	9.103E3	7.285E3	-30020.9°	-1333.2
15.666	2.122	-26.18	50.05	546.5	1.163E4	-1.016E3	-30064.6°	-1329.3
15.699	19.54	-17.11	434.0	352.5	7.744E3	-9.171E3	-30108.8°	-1375.7
15.732	25.48	2.580	577.9	-72.34	-1.603E3	-1.239E4	-30155.8°	-1453.7
15.765	14.74	21.21	333.3	-491.3	-1.062E4	-7.302E3	-30205.2°	-1513.0
15.798	-7.057	24.65	-152.5	-579.7	-1.244E4	3.190E3	-30256.0°	-1504.5
15.831	-23.65	11.11	-515.6	-267.1	-5.500E3	1.110E4	-30304.8°	-1434.7
15.864	-24.75	-9.491	-524.6	180.7	3.912E3	1.120E4	-30351.0°	-1341.7
15.897	-11.68	-23.63	-240.1	488.5	1.049E4	5.084E3	-30393.7°	-1293.9
15.930	7.601	-25.39	176.4	522.2	1.088E4	-3.569E3	-30436.7°	-1340.5
15.964	22.90	-11.94	505.4	251.6	5.505E3	-1.075E4	-30482.5°	-1385.4
15.997	24.26	8.076	545.0	-205.8	-4.351E3	-1.188E4	-30528.4°	-1458.0
16.030	9.267	24.15	223.4	-560.6	-1.198E4	-4.601E3	-30579.0°	-1524.2
16.063	-12.86	22.87	-280.2	-526.3	-1.131E4	5.943E3	-30629.4°	-1489.8
16.096	-25.59	5.596	-552.8	-145.2	-2.895E3	1.182E4	-30677.7°	-1390.5
16.129	-22.48	-13.74	-463.5	278.3	6.094E3	9.861E3	-30721.4°	-1305.1
16.162	-7.154	-25.09	-139.5	518.4	1.074E4	2.852E3	-30764.1°	-1296.5
16.195	11.85	-22.98	260.7	471.4	9.929E3	-5.372E3	-30807.3°	-1327.2
16.228	24.06	-7.830	534.2	155.1	3.353E3	-1.124E4	-30852.0°	-1388.2
16.262	22.14	12.46	493.3	-287.5	-6.089E3	-1.065E4	-30899.4°	-1457.4
16.295	4.996	24.89	122.4	-577.6	-1.213E4	-2.660E3	-30948.7°	-1490.4
16.328	-16.11	20.56	-336.4	-472.2	-9.925E3	7.231E3	-30998.1°	-1444.7
16.361	-26.28	2.613	-555.6	-76.02	-1.514E3	1.188E4	-31044.3°	-1350.6
16.394	-21.14	-16.23	-430.9	331.6	6.987E3	9.000E3	-31087.5°	-1302.0
16.427	-4.319	-25.92	-81.66	533.7	1.092E4	1.701E3	-31130.5°	-1295.2
16.460	14.20	-21.64	307.3	442.9	9.334E3	-6.451E3	-31173.3°	-1312.2
16.493	25.01	-5.574	548.1	101.7	2.230E3	-1.155E4	-31217.4°	-1385.0
16.527	20.94	14.66	468.0	-338.8	-6.930E3	-9.969E3	-31265.0°	-1461.3
16.560	2.579	25.42	74.97	-583.8	-1.220E4	-1.508E3	-31314.2°	-1466.1
16.593	-17.72	19.62	-363.7	-440.8	-9.128E3	7.879E3	-31362.1°	-1403.2
16.626	-26.61	1.336	-548.3	-41.10	-832.6	1.164E4	-31407.1°	-1315.8
16.659	-20.44	-16.69	-409.9	347.6	7.047E3	8.423E3	-31449.2°	-1282.6
16.692	-3.598	-25.81	-72.75	527.6	1.061E4	1.332E3	-31492.1°	-1279.9
16.725	14.49	-21.50	307.1	433.5	9.051E3	-6.338E3	-31534.0°	-1292.4
16.758	25.16	-5.436	540.5	103.4	2.162E3	-1.133E4	-31577.8°	-1355.5
16.792	21.35	14.36	461.3	-332.5	-6.682E3	-9.773E3	-31623.9°	-1435.5
16.825	3.140	25.11	85.35	-572.5	-1.191E4	-1.665E3	-31672.9°	-1445.2
16.858	-16.56	20.01	-348.5	-440.2	-9.165E3	7.392E3	-31719.6°	-1399.4
16.891	-26.01	2.029	-542.9	-66.87	-1.185E3	1.111E4	-31765.5°	-1323.1
16.924	-20.99	-15.95	-417.2	312.6	6.627E3	8.668E3	-31807.2°	-1249.4
16.957	-5.310	-25.60	-96.11	515.8	1.032E4	2.126E3	-31848.3°	-1258.3
16.990	13.17	-22.31	278.6	457.0	9.133E3	-5.618E3	-31890.6°	-1294.6
17.023	24.95	-7.148	522.8	139.7	2.973E3	-1.096E4	-31934.0°	-1332.0
17.056	22.42	12.31	483.2	-286.2	-5.759E3	-1.030E4	-31978.8°	-1395.6
17.090	5.998	24.85	136.9	-561.8	-1.145E4	-2.768E3	-32026.4°	-1448.4
17.123	-14.79	21.37	-301.5	-479.5	-9.818E3	6.413E3	-32074.7°	-1401.7
17.156	-25.76	4.886	-530.2	-116.2	-2.246E3	1.101E4	-32119.3°	-1310.1
17.189	-22.48	-13.74	-447.8	266.0	5.387E3	9.071E3	-32161.4°	-1246.4
17.222	-8.145	-24.77	-159.9	493.0	9.927E3	3.132E3	-32201.8°	-1226.3
17.255	10.22	-24.35	214.6	477.4	9.526E3	-4.230E3	-32242.8°	-1267.4
17.288	23.53	-10.53	493.8	209.9	4.501E3	-1.015E4	-32285.9°	-1303.5
17.321	24.13	8.368	514.6	-207.0	-4.059E3	-1.071E4	-32329.1°	-1381.1
17.355	9.817	23.56	230.6	-523.3	-1.048E4	-4.558E3	-32377.4°	-1432.5
17.388	-10.54	23.64	-206.9	-516.8	-1.080E4	4.559E3	-32424.0°	-1368.4
17.421	-24.41	9.851	-500.3	-210.2	-4.230E3	1.021E4	-32468.0°	-1316.4
17.454	-24.46	-9.502	-494.0	179.6	3.815E3	9.784E3	-32511.2°	-1257.4
17.487	-12.51	-22.88	-234.1	447.4	9.071E3	4.782E3	-32551.3°	-1214.8
17.520	5.179	-25.01	116.6	500.2	9.855E3	-2.319E3	-32591.7°	-1243.6
17.553	20.62	-15.15	427.7	296.0	6.140E3	-8.476E3	-32633.7°	-1297.3
17.586	24.79	3.324	537.6	-76.20	-1.454E3	-1.094E4	-32677.6°	-1343.9
17.620	15.57	20.46	333.3	-439.2	-9.028E3	-6.834E3	-32722.7°	-1388.5
17.653	-4.303	25.40	-77.77	-552.8	-1.107E4	1.468E3	-32769.6°	-1377.3
17.686	-21.05	15.31	-422.0	-330.5	-6.714E3	8.827E3	-32814.0°	-1297.5
17.719	-26.19	-2.552	-525.6	46.38	970.1	1.044E4	-32855.6°	-1258.6
17.752	-17.97	-19.51	-358.9	375.4	7.480E3	6.792E3	-32897.3°	-1231.1
17.785	-1.324	-26.33	-15.52	503.7	1.021E4	421.3	-32937.1°	-1200.2
17.818	15.39	-20.54	328.3	400.3	7.995E3	-6.275E3	-32976.9°	-1246.6
17.851	25.20	-4.577	524.6	87.77	1.796E3	-1.051E4	-33019.7°	-1313.2
17.885	21.21	14.22	453.9	-313.2	-6.244E3	-9.263E3	-33063.8°	-1364.7
17.918	4.446	25.49	105.9	-545.5	-1.103E4	-2.003E3	-33110.1°	-1377.9
17.951	-14.93	21.23	-302.6	-449.1	-9.167E3	6.173E3	-33155.1°	-1324.7
17.984	-25.31	5.442	-512.5	-119.8	-2.291E3	1.029E4	-33197.9°	-1267.5
18.017	-22.87	-12.72	-453.3	244.0	4.978E3	8.691E3	-33239.1°	-1233.9
18.050	-9.141	-24.59	-176.5	469.2	9.293E3	3.428E3	-33279.6°	-1200.3
18.083	8.214	-24.41	176.3	470.1	9.240E3	-3.295E3	-33318.6°	-1207.5
18.116	22.00	-12.91	444.6	251.3	5.089E3	-8.798E3	-33359.6°	-1250.9
18.150	24.86	5.042	519.9	-122.3	-2.201E3	-1.047E4	-33401.5°	-1321.9
18.183	13.90	21.53	306.0	-459.7	-9.151E3	-6.073E3	-33447.2°	-1373.8
18.216	-5.597	25.31	-106.5	-538.8	-1.078E4	2.133E3	-33492.5°	-1347.1
18.249	-21.80	14.48	-429.2	-311.3	-6.021E3	8.761E3	-33536.4°	-1273.0
18.282	-26.22	-3.124	-506.6	57.95	1.191E3	1.005E4	-33576.8°	-1212.6
18.315	-17.96	-19.08	-347.8	367.2	7.024E3	6.512E3	-33616.7°	-1193.6
18.348	-1.891	-26.16	-32.47	494.3	9.870E3	631.7	-33655.9°	-1179.5
18.381	14.79	-21.23	315.0	408.5	7.900E3	-5.756E3	-33694.9°	-1241.7
18.415	25.17	-5.293	508.5	113.1	2.214E3	-1.024E4	-33738.1°	-1273.1
18.448	22.28	12.46	457.1	-285.0	-5.489E3	-9.476E3	-33779.2°	-1324.6
18.481	6.290	24.99	150.9	-535.1	-1.034E4	-2.797E3	-33825.9°	-1376.4
18.514	-13.17	22.45	-256.2	-473.3	-9.614E3	5.305E3	-33870.4°	-1304.2
18.547	-25.06	8.013	-496.1	-171.3	-3.155E3	9.725E3	-33912.3°	-1247.9
18.580	-24.49	-10.36	-469.6	183.4	3.847E3	9.106E3	-33952.9°	-1186.4
18.613	-12.95	-23.00	-229.4	438.9	8.417E3	4.651E3	-33990.6°	-1165.8
18.646	4.584	-25.56	94.96	496.5	9.202E3	-1.803E3	-34030.2°	-1198.2
18.679	19.99	-16.70	390.1	318.5	6.311E3	-7.770E3	-34070.1°	-1214.9
18.713	25.67	0.278	522.8	-27.02	-248.5	-1.028E4	-34110.6°	-1275.2
18.746	18.20	17.92	380.7	-376.9	-7.270E3	-7.516E3	-34154.6°	-1325.3
18.779	0.718	25.49	25.54	-538.1	-1.071E4	-440.7	-34198.4°	-1314.9
18.812	-17.44	19.61	-341.2	-407.5	-7.946E3	6.786E3	-34241.6°	-1288.3
18.845	-26.27	2.899	-516.7	-74.49	-1.216E3	9.984E3	-34283.7°	-1230.7
18.878	-22.37	-14.60	-417.5	267.2	5.328E3	7.963E3	-34323.1°	-1165.7
18.911	-8.574	-24.75	-152.4	461.6	8.776E3	2.961E3	-34360.9°	-1136.1
18.944	8.202	-24.70	168.0	461.3	8.607E3	-3.173E3	-34398.4°	-1167.3
18.977	21.97	-13.63	429.4	255.1	5.050E3	-8.208E3	-34438.2°	-1209.7
19.011	25.09	3.742	508.2	-94.71	-1.644E3	-9.947E3	-34478.5°	-1264.1
19.044	15.70	20.03	326.0	-415.8	-8.061E3	-6.408E3	-34521.9°	-1314.2
19.077	-2.443	25.33	-41.81	-532.1	-1.045E4	725.6	-34565.5°	-1308.3
19.110	-19.54	17.26	-381.1	-365.2	-6.794E3	7.515E3	-34608.5°	-1272.2
19.143	-26.67	4.744E-2	-504.1	-19.87	-162.6	9.802E3	-34649.9°	-1194.4
19.176	-20.86	-16.24	-384.2	300.9	5.863E3	7.353E3	-34687.9°	-1136.1
19.209	-6.736	-25.40	-111.8	470.4	8.822E3	2.159E3	-34725.1°	-1142.3
19.242	10.25	-23.63	209.6	447.6	8.286E3	-3.844E3	-34763.5°	-1180.2
19.276	22.92	-11.51	446.0	214.5	4.295E3	-8.549E3	-34803.3°	-1209.9
19.309	24.46	5.918	498.6	-131.8	-2.383E3	-9.652E3	-34843.6°	-1257.3
19.342	14.18	21.52	294.1	-434.2	-8.479E3	-5.599E3	-34886.6°	-1298.5
19.375	-4.303	25.40	-81.29	-518.3	-1.004E4	1.285E3	-34929.6°	-1278.6
19.408	-20.15	16.13	-387.0	-339.9	-6.147E3	7.711E3	-34971.3°	-1221.0
19.441	-26.82	-0.233	-491.2	-2.047	167.3	9.490E3	-35010.5°	-1172.0
19.474	-20.29	-16.40	-375.8	309.8	5.768E3	7.135E3	-35049.0°	-1138.8
19.507	-6.295	-25.13	-100.7	467.8	8.665E3	1.835E3	-35085.9°	-1146.2
19.541	10.70	-23.07	207.8	438.9	8.105E3	-3.844E3	-35124.9°	-1170.7
19.574	22.78	-11.36	442.0	207.9	4.141E3	-8.425E3	-35163.5°	-1197.7
19.607	24.47	6.204	492.0	-127.8	-2.228E3	-9.310E3	-35204.2°	-1245.7
19.640	14.31	21.23	293.6	-421.3	-8.175E3	-5.736E3	-35246.0°	-1258.9
19.673	-3.433	25.66	-61.84	-517.5	-9.861E3	1.030E3	-35287.6°	-1258.5
19.706	-19.97	17.13	-375.7	-352.4	-6.376E3	7.366E3	-35329.4°	-1218.7
19.739	-26.78	0.769	-490.6	-17.17	-243.5	9.493E3	-35368.4°	-1157.6
19.772	-21.11	-15.37	-388.1	292.0	5.323E3	7.043E3	-35406.1°	-1132.8
19.805	-7.435	-24.94	-132.5	451.4	8.334E3	2.177E3	-35443.4°	-1116.5
19.839	8.797	-24.15	173.2	437.5	8.187E3	-3.094E3	-35480.0°	-1126.1
19.872	21.55	-13.47	416.7	245.8	4.804E3	-7.726E3	-35518.0°	-1174.8
19.905	25.08	3.456	498.8	-79.90	-1.292E3	-9.385E3	-35557.8°	-1242.3
19.938	16.26	19.57	335.7	-391.5	-7.328E3	-6.394E3	-35600.3°	-1268.8
19.971	-0.851	25.70	-1.423	-513.0	-9.898E3	76.60	-35641.9°	-1238.0
20.004	-17.73	19.48	-331.1	-385.3	-7.087E3	6.442E3	-35682.3°	-1207.4
20.037	-26.38	3.764	-483.9	-77.51	-1.352E3	9.188E3	-35721.9°	-1155.0
20.070	-22.86	-12.58	-414.1	239.1	4.461E3	7.606E3	-35758.8°	-1118.9
20.104	-10.54	-23.67	-185.8	429.9	7.823E3	3.295E3	-35796.0°	-1115.6
20.137	5.614	-24.88	113.9	459.0	8.349E3	-1.986E3	-35832.7°	-1131.2
20.170	19.87	-16.12	373.4	300.4	5.458E3	-6.804E3	-35870.9°	-1161.7
20.203	25.51	-0.145	484.8	-0.369	-123.9	-9.171E3	-35909.7°	-1176.4
20.236	19.84	15.99	367.4	-316.7	-5.757E3	-7.414E3	-35948.9°	-1203.2
20.269	4.538	24.19	91.24	-502.8	-8.868E3	-1.880E3	-35989.4°	-1246.4
20.302	-13.47	22.04	-224.8	-446.0	-7.991E3	4.763E3	-36031.4°	-1211.0
20.335	-25.01	9.301	-451.8	-178.0	-3.517E3	8.711E3	-36069.6°	-1146.1
20.369	-25.26	-7.893	-462.3	144.1	2.450E3	8.404E3	-36107.4°	-1123.9
20.402	-15.46	-21.33	-281.4	385.0	6.925E3	4.772E3	-36144.1°	-1104.6
20.435	0.245	-26.53	1.136	465.4	8.538E3	-167.5	-36180.5°	-1084.0
20.468	15.36	-21.25	292.7	370.8	6.812E3	-5.146E3	-36215.9°	-1108.2
20.501	24.81	-7.143	462.6	124.3	2.458E3	-8.360E3	-36253.9°	-1144.9
20.534	23.60	9.393	453.5	-194.2	-3.544E3	-8.615E3	-36291.7°	-1185.3
20.567	11.94	22.90	234.3	-453.9	-8.267E3	-4.358E3	-36332.5°	-1250.8
20.600	-6.473	24.91	-112.4	-497.9	-9.176E3	2.140E3	-36374.6°	-1226.5
20.634	-21.04	15.45	-384.2	-300.8	-5.353E3	7.443E3	-36413.7°	-1156.3
20.667	-26.40	-0.536	-471.9	3.041	223.0	8.572E3	-36451.2°	-1109.3
20.700	-20.84	-15.81	-366.4	278.2	5.083E3	6.570E3	-36487.2°	-1072.4
20.733	-8.002	-24.77	-129.9	438.8	7.680E3	2.453E3	-36522.1°	-1078.5
20.766	8.214	-24.41	149.1	445.1	7.683E3	-2.672E3	-36558.6°	-1104.4
20.799	21.49	-14.90	384.2	262.3	4.981E3	-7.081E3	-36595.3°	-1113.5
20.832	25.56	1.000	486.0	-34.93	-397.8	-8.840E3	-36632.2°	-1158.9
20.865	19.18	17.31	362.8	-329.0	-6.039E3	-6.904E3	-36672.1°	-1194.9
20.899	3.713	25.09	71.83	-503.9	-9.066E3	-1.366E3	-36711.6°	-1218.3
20.932	-14.18	22.06	-243.7	-428.7	-7.663E3	4.799E3	-36752.7°	-1186.3
20.965	-24.59	8.998	-448.0	-169.2	-3.133E3	8.395E3	-36789.9°	-1116.4
20.998	-25.39	-7.601	-449.8	131.2	2.379E3	7.881E3	-36826.7°	-1096.7
21.031	-15.88	-20.88	-284.9	365.4	6.584E3	4.889E3	-36862.8°	-1068.3
21.064	-1.187	-26.48	-11.43	455.3	8.071E3	280.8	-36897.4°	-1067.6
21.097	14.20	-21.64	261.7	386.8	6.683E3	-4.486E3	-36933.3°	-1087.8
21.130	24.44	-9.136	432.7	155.4	2.989E3	-8.063E3	-36969.5°	-1097.6
21.163	24.51	7.063	463.2	-157.2	-2.489E3	-8.327E3	-37006.1°	-1168.9
21.196	14.04	21.53	275.9	-407.1	-7.396E3	-4.909E3	-37046.9°	-1199.9
21.230	-2.443	25.33	-45.78	-486.9	-9.005E3	804.1	-37085.5°	-1172.9
21.263	-18.20	18.50	-326.0	-355.0	-6.082E3	6.106E3	-37124.5°	-1152.2
21.296	-25.95	3.747	-457.7	-72.09	-1.278E3	8.315E3	-37161.8°	-1097.2
21.329	-22.98	-11.85	-405.4	208.5	3.644E3	6.933E3	-37197.3°	-1063.8
21.362	-12.10	-23.18	-214.5	389.8	6.836E3	3.476E3	-37232.4°	-1040.8
21.395	2.844	-26.06	54.09	442.1	8.004E3	-860.5	-37266.2°	-1039.1
21.428	17.15	-19.60	320.0	335.0	6.039E3	-5.275E3	-37301.2°	-1098.5
21.461	25.04	-4.858	466.0	87.60	1.534E3	-8.148E3	-37339.0°	-1131.7
21.495	22.95	11.28	419.5	-212.8	-3.949E3	-7.730E3	-37376.2°	-1139.0
21.528	10.94	22.94	203.2	-435.5	-7.505E3	-3.939E3	-37414.5°	-1165.7
21.561	-5.906	24.75	-89.50	-478.1	-8.421E3	1.895E3	-37453.4°	-1149.6
21.594	-20.69	17.02	-356.6	-311.4	-5.378E3	6.499E3	-37490.6°	-1120.2
21.627	-26.48	1.187	-461.9	-33.36	-473.3	8.217E3	-37527.4°	-1058.3
21.660	-22.90	-13.58	-374.2	235.7	4.310E3	6.705E3	-37560.7°	-1023.8
21.693	-10.83	-23.66	-176.7	419.4	6.784E3	3.124E3	-37595.4°	-1060.7
21.726	4.882	-25.28	82.22	445.8	7.497E3	-1.683E3	-37630.9°	-1062.6
21.759	18.64	-18.23	323.4	307.1	5.662E3	-5.826E3	-37665.6°	-1062.2
21.793	25.22	-3.862	464.3	52.85	1.326E3	-8.051E3	-37701.3°	-1114.6
21.826	22.15	12.60	416.1	-232.5	-4.232E3	-7.282E3	-37739.6°	-1150.3
21.859	9.823	23.70	180.1	-439.9	-7.874E3	-3.447E3	-37777.5°	-1152.2
21.892	-6.920	24.50	-118.0	-465.6	-8.020E3	2.167E3	-37815.8°	-1138.9
21.925	-21.02	15.88	-355.4	-292.5	-4.890E3	6.585E3	-37852.9°	-1088.3
21.958	-26.34	0.895	-449.5	-17.72	-269.9	7.796E3	-37888.1°	-1043.5
21.991	-22.20	-13.89	-371.6	230.7	3.958E3	6.188E3	-37922.0°	-1011.1
22.024	-11.11	-23.65	-182.2	393.3	6.771E3	3.050E3	-37954.8°	-1002.5
22.058	3.851	-25.96	77.84	434.8	7.403E3	-1.165E3	-37988.4°	-1039.4
22.091	17.77	-18.48	320.8	317.8	5.585E3	-5.287E3	-38023.9°	-1069.6
22.124	24.90	-4.709	450.5	78.52	1.408E3	-7.786E3	-38059.3°	-1094.3
22.157	22.95	11.28	419.2	-202.1	-3.590E3	-7.441E3	-38096.2°	-1119.6
22.190	11.52	23.06	208.8	-423.5	-7.372E3	-3.876E3	-38133.5°	-1135.9
22.223	-5.174	25.15	-81.19	-466.4	-8.238E3	1.468E3	-38171.6°	-1119.7
22.256	-19.37	17.68	-341.2	-321.7	-5.261E3	6.030E3	-38207.6°	-1101.0
22.289	-26.42	2.618	-443.4	-62.94	-746.6	7.571E3	-38244.3°	-1038.5
22.323	-23.54	-11.69	-376.7	192.4	3.490E3	6.673E3	-38276.4°	-968.3
22.356	-13.64	-22.40	-214.0	376.8	6.095E3	3.563E3	-38308.7°	-1007.4
22.389	1.418	-25.86	30.42	439.6	7.116E3	-541.0	-38343.1°	-1035.3
22.422	15.40	-20.39	265.9	337.3	5.798E3	-4.532E3	-38377.1°	-1022.2
22.455	23.76	-8.248	415.7	132.9	2.505E3	-7.183E3	-38410.9°	-1046.8
22.488	24.23	7.217	436.2	-138.7	-2.190E3	-7.444E3	-38446.6°	-1116.0
22.521	14.58	20.64	275.3	-375.6	-6.420E3	-4.809E3	-38484.8°	-1131.2
22.554	-0.576	25.40	-1.391	-458.9	-8.120E3	-21.36	-38521.3°	-1099.2
22.588	-15.82	20.55	-267.9	-375.2	-6.290E3	4.736E3	-38557.6°	-1085.2
22.621	-25.51	7.600	-427.2	-142.3	-2.157E3	7.380E3	-38593.4°	-1048.6
22.654	-25.25	-7.750	-413.0	126.9	2.188E3	7.033E3	-38627.1°	-992.6
22.687	-17.12	-19.68	-274.8	324.8	5.373E3	4.491E3	-38659.0°	-977.5
22.720	-3.747	-25.95	-57.82	425.5	6.821E3	866.6	-38691.8°	-999.3
22.753	11.12	-23.52	186.1	386.1	6.449E3	-3.050E3	-38725.3°	-1000.2
22.786	21.83	-13.62	372.9	218.5	3.832E3	-6.271E3	-38758.0°	-1017.1
22.819	25.56	1.143	444.9	-30.08	-394.3	-7.521E3	-38792.6°	-1065.6
22.852	19.84	15.85	348.4	-288.8	-4.722E3	-6.198E3	-38828.6°	-1094.9
22.886	6.404	24.26	123.7	-447.5	-7.515E3	-2.107E3	-38865.2°	-1110.5
22.919	-9.805	24.04	-152.0	-433.1	-7.255E3	2.837E3	-38902.2°	-1091.8
22.952	-22.24	14.21	-369.3	-255.2	-4.231E3	6.390E3	-38937.4°	-1037.8
22.985	-26.68	-0.382	-432.3	-1.907	195.9	7.345E3	-38970.8°	-987.3
23.018	-22.36	-14.46	-352.9	236.7	3.816E3	5.897E3	-39002.9°	-970.9
23.051	-10.97	-23.80	-175.7	393.6	6.230E3	2.763E3	-39035.2°	-984.4
23.084	3.703	-26.10	61.29	422.4	6.808E3	-1.151E3	-39068.1°	-989.0
23.117	17.00	-19.74	284.1	316.5	5.395E3	-4.626E3	-39100.7°	-988.7
23.151	24.66	-7.280	419.9	111.8	2.028E3	-6.907E3	-39133.6°	-1020.2
23.184	24.40	8.070	423.5	-143.5	-2.276E3	-7.189E3	-39168.3°	-1061.9
23.217	15.16	20.76	268.0	-372.6	-6.264E3	-4.600E3	-39203.9°	-1091.9
23.250	-0.273	25.82	2.846	-456.7	-7.564E3	-55.28	-39240.6°	-1085.5
23.283	-15.09	20.95	-245.2	-371.2	-6.191E3	4.445E3	-39275.8°	-1031.6
23.316	-24.86	9.582	-405.0	-161.0	-2.589E3	6.904E3	-39308.9°	-1012.9
23.349	-25.75	-5.867	-425.9	95.79	1.540E3	6.898E3	-39342.8°	-1000.5
23.382	-18.51	-18.63	-295.4	300.1	4.957E3	4.567E3	-39375.2°	-968.8
23.415	-5.877	-25.43	-93.75	401.2	6.412E3	1.318E3	-39407.0°	-948.2
23.449	8.053	-24.83	132.0	386.2	6.355E3	-2.249E3	-39438.0°	-947.4
23.482	19.70	-16.69	331.5	253.0	4.417E3	-5.140E3	-39469.7°	-987.5
23.515	24.83	-2.843	430.7	38.59	829.9	-6.866E3	-39503.5°	-1030.4
23.548	22.26	11.88	386.8	-203.3	-3.351E3	-6.265E3	-39538.1°	-1056.9
23.581	11.36	22.78	207.9	-387.9	-6.602E3	-3.490E3	-39573.5°	-1049.6
23.614	-3.433	25.66	-56.44	-435.1	-7.427E3	864.7	-39607.6°	-1042.1
23.647	-17.46	19.04	-294.2	-331.9	-5.377E3	4.754E3	-39642.5°	-1037.8
23.680	-25.42	6.163	-415.4	-113.8	-1.582E3	6.976E3	-39676.4°	-999.6
23.714	-24.99	-8.477	-399.2	135.8	2.205E3	6.584E3	-39708.7°	-975.6
23.747	-16.43	-20.28	-266.2	329.3	5.312E3	3.999E3	-39741.0°	-971.0
23.780	-3.180	-26.11	-46.18	402.9	6.656E3	691.8	-39773.1°	-947.0
23.813	10.26	-23.34	184.5	370.9	5.856E3	-2.682E3	-39803.7°	-965.3
23.846	21.39	-13.89	343.7	230.0	3.372E3	-5.505E3	-39837.0°	-980.9
23.879	25.50	-0.575	409.1	-1.189	248.8	-6.786E3	-39868.7°	-978.1
23.912	21.31	13.21	361.7	-226.0	-3.444E3	-5.942E3	-39901.8°	-1012.2
23.945	10.53	23.38	182.2	-395.4	-6.359E3	-3.014E3	-39935.8°	-1043.6
23.979	-4.882	25.28	-69.40	-435.6	-7.106E3	1.251E3	-39970.9°	-1034.5
24.012	-18.33	18.79	-293.0	-308.1	-5.177E3	4.893E3	-40004.3°	-996.3
24.045	-25.29	5.871	-418.0	-103.0	-1.478E3	6.700E3	-40036.9°	-984.2
24.078	-25.15	-8.901	-392.7	133.9	2.349E3	6.235E3	-40069.5°	-964.3
24.111	-16.42	-20.14	-255.1	323.2	4.995E3	4.005E3	-40100.8°	-939.9
24.144	-3.741	-25.80	-61.05	395.8	6.005E3	647.4	-40131.8°	-924.6
24.177	9.799	-24.19	147.8	367.3	5.828E3	-2.440E3	-40162.1°	-911.5
24.210	20.59	-16.01	326.3	233.6	4.027E3	-5.069E3	-40192.1°	-937.9
24.244	25.28	-2.573	421.0	27.41	718.0	-6.375E3	-40224.2°	-993.3
24.277	22.40	11.88	375.5	-193.0	-3.239E3	-5.915E3	-40257.9°	-1004.8
24.310	12.49	22.30	202.8	-368.6	-6.039E3	-3.561E3	-40290.7°	-1005.6
24.343	-2.013	25.31	-30.51	-434.1	-6.735E3	369.3	-40324.5°	-1026.1
24.376	-16.26	20.28	-248.3	-345.2	-5.300E3	4.216E3	-40358.7°	-993.9
24.409	-24.88	8.866	-385.9	-147.2	-2.361E3	6.385E3	-40390.4°	-947.4
24.442	-26.01	-5.283	-405.8	81.40	1.357E3	6.308E3	-40421.5°	-941.3
24.475	-19.49	-18.01	-296.6	276.2	4.411E3	4.598E3	-40452.7°	-925.5
24.509	-7.721	-24.93	-106.2	387.5	5.831E3	1.742E3	-40482.8°	-922.6
24.542	6.181	-25.05	92.71	393.2	5.742E3	-1.678E3	-40513.9°	-928.4
24.575	18.33	-18.79	274.8	277.0	4.431E3	-4.437E3	-40544.3°	-914.0
24.608	24.53	-6.845	392.5	91.22	1.823E3	-5.996E3	-40574.4°	-938.8
24.641	24.37	7.212	396.4	-118.6	-1.831E3	-6.121E3	-40606.5°	-980.1
24.674	16.68	19.41	272.3	-320.4	-4.933E3	-4.619E3	-40639.3°	-1002.6
24.707	3.146	25.25	62.41	-430.4	-6.698E3	-1.048E3	-40672.9°	-1016.6
24.740	-11.83	23.55	-172.8	-392.1	-6.110E3	2.970E3	-40706.7°	-995.4
24.774	-22.83	13.80	-352.4	-228.2	-3.646E3	5.812E3	-40738.8°	-949.4
24.807	-26.95	0.202	-413.2	-3.303	22.45	6.535E3	-40769.6°	-930.8
24.840	-23.04	-13.57	-352.4	211.2	3.250E3	5.169E3	-40800.5°	-923.7
24.873	-12.96	-23.15	-193.2	343.0	5.365E3	2.866E3	-40830.8°	-887.7
24.906	-0.322	-26.37	6.031	396.9	5.849E3	-162.7	-40859.3°	-900.3
24.939	13.30	-22.75	197.1	342.1	5.111E3	-3.014E3	-40890.3°	-904.8
24.972	22.27	-13.35	345.4	186.8	3.106E3	-5.262E3	-40919.1°	-905.6
25.005	25.67	0.135	406.5	-5.588	20.25	-6.197E3	-40950.3°	-946.8
25.038	21.90	13.62	346.6	-226.6	-3.397E3	-5.558E3	-40981.9°	-980.0
25.072	10.66	23.09	179.6	-384.7	-5.821E3	-2.936E3	-41015.2°	-998.1
25.105	-3.582	25.52	-44.07	-419.4	-6.460E3	958.9	-41048.0°	-982.8
25.138	-17.13	20.17	-253.4	-323.8	-5.035E3	4.114E3	-41080.3°	-947.8
25.171	-25.03	8.729	-381.9	-138.4	-2.008E3	5.951E3	-41110.8°	-916.4
25.204	-26.30	-5.128	-388.0	71.28	1.259E3	5.949E3	-41141.0°	-892.4
25.237	-20.31	-16.98	-293.8	261.1	3.804E3	4.369E3	-41169.9°	-888.6
25.270	-8.998	-24.59	-135.6	364.7	5.269E3	1.795E3	-41199.9°	-883.8
25.303	3.851	-25.96	58.74	376.7	5.600E3	-918.1	-41228.4°	-871.4
25.336	15.96	-20.70	239.0	305.9	4.469E3	-3.502E3	-41257.6°	-887.4
25.370	24.12	-10.13	357.9	144.0	2.416E3	-5.393E3	-41287.2°	-892.2
25.403	25.50	3.009	398.3	-57.88	-635.1	-6.148E3	-41316.7°	-928.3
25.436	20.28	16.26	322.0	-262.2	-3.911E3	-4.989E3	-41348.7°	-978.2
25.469	8.128	24.34	132.6	-399.5	-6.041E3	-2.086E3	-41381.5°	-983.4
25.502	-6.181	25.05	-83.81	-399.4	-6.223E3	1.566E3	-41413.9°	-947.4
25.535	-18.33	18.79	-280.6	-292.4	-4.297E3	4.349E3	-41444.3°	-935.3
25.568	-25.55	6.455	-378.7	-110.2	-1.474E3	5.655E3	-41475.8°	-898.6
25.601	-25.62	-6.302	-369.3	89.33	1.592E3	5.551E3	-41503.8°	-856.0
25.635	-19.63	-18.01	-278.5	257.4	3.721E3	4.105E3	-41532.5°	-861.6
25.668	-8.574	-24.75	-116.1	365.5	5.322E3	1.871E3	-41560.9°	-869.1
25.701	4.578	-25.70	73.69	381.7	5.253E3	-1.118E3	-41590.1°	-893.1
25.734	16.71	-19.87	239.5	293.0	4.251E3	-3.660E3	-41620.1°	-869.6
25.767	23.99	-9.834	351.9	132.9	2.211E3	-5.420E3	-41647.7°	-869.8
25.800	25.51	3.439	392.1	-64.62	-630.4	-5.794E3	-41677.7°	-930.1
25.833	19.70	16.14	311.0	-258.3	-3.756E3	-4.804E3	-41709.3°	-951.9
25.866	8.403	24.04	138.7	-384.7	-5.697E3	-2.019E3	-41740.7°	-959.3
25.899	-5.741	25.32	-68.87	-397.1	-6.012E3	1.258E3	-41772.8°	-934.0
25.933	-17.87	19.49	-263.1	-296.0	-4.479E3	4.122E3	-41802.5°	-904.8
25.966	-25.35	7.881	-371.6	-122.8	-1.748E3	5.528E3	-41832.7°	-885.1
25.999	-26.01	-5.140	-375.1	76.08	1.239E3	5.497E3	-41861.2°	-862.6
26.032	-20.31	-16.98	-290.9	243.8	3.501E3	3.944E3	-41889.9°	-857.9
26.065	-9.851	-24.41	-138.9	340.7	4.963E3	1.875E3	-41918.0°	-830.8
26.098	2.266	-26.18	39.70	365.0	5.196E3	-505.2	-41944.9°	-834.9
26.131	14.34	-21.78	208.7	311.6	4.491E3	-2.854E3	-41973.4°	-856.3
26.164	22.88	-12.37	338.2	173.9	2.603E3	-4.904E3	-42001.6°	-876.2
26.197	25.83	0.559	385.6	-15.08	-72.06	-5.762E3	-42031.2°	-897.4
26.231	21.88	13.19	330.4	-211.8	-2.923E3	-5.011E3	-42061.1°	-921.2
26.264	11.78	22.47	191.6	-352.2	-5.080E3	-2.814E3	-42092.3°	-938.1
26.297	-1.418	25.86	-8.109	-399.1	-5.974E3	362.4	-42123.1°	-927.3
26.330	-14.62	21.94	-209.7	-330.5	-4.923E3	3.148E3	-42153.7°	-900.9
26.363	-23.33	11.96	-338.7	-182.0	-2.586E3	5.012E3	-42182.9°	-866.2
26.396	-26.69	-0.525	-378.9	0.221	256.4	5.326E3	-42211.1°	-853.7
26.429	-23.31	-13.13	-325.3	177.7	2.598E3	4.698E3	-42239.4°	-827.6
26.462	-14.92	-22.06	-200.6	310.3	4.356E3	2.768E3	-42265.9°	-825.1
26.496	-2.762	-26.41	-38.26	366.5	5.080E3	499.2	-42294.0°	-828.8
26.529	9.353	-24.60	140.4	338.9	4.878E3	-1.937E3	-42320.8°	-829.8
26.562	19.68	-17.12	287.1	240.8	3.423E3	-3.900E3	-42349.0°	-856.7
26.595	25.30	-5.585	369.3	77.34	1.184E3	-5.390E3	-42377.6°	-868.2
26.628	24.81	7.338	366.2	-117.6	-1.600E3	-5.387E3	-42406.5°	-895.1
26.661	17.51	18.66	264.6	-286.2	-4.088E3	-3.879E3	-42436.8°	-910.1
26.694	5.854	24.86	90.57	-375.3	-5.456E3	-1.392E3	-42466.7°	-902.3
26.727	-7.343	24.66	-99.83	-378.5	-5.344E3	1.452E3	-42496.6°	-901.8
26.760	-19.21	18.25	-266.0	-281.1	-3.896E3	4.050E3	-42526.5°	-879.4
26.794	-25.96	7.045	-361.7	-105.2	-1.390E3	5.400E3	-42554.8°	-843.1
26.827	-26.17	-5.707	-358.3	81.14	1.183E3	5.053E3	-42582.3°	-818.4
26.860	-20.59	-16.68	-279.7	231.5	3.159E3	3.749E3	-42609.0°	-809.2
26.893	-10.85	-24.23	-149.4	329.7	4.539E3	1.916E3	-42635.9°	-810.4
26.926	1.247	-26.57	22.60	360.3	5.066E3	-322.4	-42662.7°	-813.9
26.959	13.01	-22.74	191.0	307.9	4.316E3	-2.571E3	-42689.8°	-823.6
26.992	21.67	-13.90	310.3	187.3	2.609E3	-4.205E3	-42717.3°	-834.9
27.026	25.44	-2.150	364.8	27.37	408.8	-5.168E3	-42745.2°	-849.7
27.059	23.49	10.26	339.5	-155.5	-2.122E3	-4.941E3	-42773.6°	-878.3
27.092	15.14	20.34	224.3	-307.2	-4.241E3	-3.306E3	-42803.3°	-895.2
27.125	3.140	25.11	53.73	-374.6	-5.353E3	-696.7	-42832.9°	-886.3
27.158	-9.668	23.89	-131.1	-353.7	-4.914E3	1.917E3	-42862.0°	-877.8
27.191	-20.28	16.43	-278.2	-246.9	-3.319E3	4.110E3	-42891.0°	-847.1
27.224	-26.02	5.470	-349.8	-78.74	-1.005E3	5.117E3	-42918.1°	-812.4
27.257	-25.50	-6.737	-345.9	96.78	1.196E3	4.736E3	-42944.8°	-808.0
27.290	-19.61	-17.44	-269.1	236.2	3.158E3	3.300E3	-42971.6°	-805.3
27.323	-9.857	-24.56	-135.9	317.2	4.546E3	1.730E3	-42998.1°	-775.9
27.357	1.395	-26.44	33.92	347.7	4.752E3	-186.3	-43023.0°	-791.6
27.390	13.17	-22.31	184.8	310.4	4.034E3	-2.344E3	-43050.6°	-816.7
27.423	21.95	-14.20	297.8	189.3	2.498E3	-4.228E3	-43077.1°	-810.8
27.456	25.70	-2.590	355.6	26.98	666.5	-5.083E3	-43104.2°	-821.2
27.489	23.74	9.387	338.7	-148.7	-1.866E3	-4.679E3	-43131.6°	-862.3
27.522	15.84	19.88	236.5	-289.3	-3.970E3	-3.325E3	-43161.5°	-876.8
27.555	4.572	25.05	68.59	-367.4	-5.175E3	-857.4	-43189.7°	-871.6
27.589	-8.500	24.42	-107.3	-352.7	-4.766E3	1.548E3	-43219.2°	-855.3
27.622	-18.79	17.95	-251.8	-256.6	-3.524E3	3.670E3	-43246.3°	-813.9
27.655	-25.50	7.744	-339.7	-112.9	-1.509E3	4.645E3	-43273.1°	-807.9
27.688	-26.27	-4.556	-355.0	57.43	875.1	4.795E3	-43299.8°	-798.7
27.721	-21.70	-15.78	-280.8	205.4	2.840E3	3.734E3	-43326.0°	-777.1
27.754	-12.67	-23.16	-161.5	307.5	3.969E3	2.079E3	-43351.3°	-771.4
27.787	-1.330	-26.47	-20.03	343.3	4.494E3	121.1	-43377.1°	-770.6
27.820	10.07	-24.48	139.1	315.0	4.364E3	-1.788E3	-43402.4°	-776.2
27.854	19.54	-17.26	272.5	225.0	3.011E3	-3.447E3	-43428.5°	-803.0
27.887	24.98	-6.433	340.8	84.85	1.137E3	-4.678E3	-43455.6°	-806.0
27.920	25.16	5.317	345.3	-85.94	-1.041E3	-4.858E3	-43481.9°	-828.6
27.953	19.29	16.44	275.8	-242.3	-3.080E3	-3.799E3	-43510.5°	-859.9
27.986	9.102	23.58	136.7	-338.7	-4.619E3	-1.694E3	-43538.9°	-854.3
28.019	-3.153	25.50	-31.41	-356.2	-4.859E3	592.6	-43567.0°	-831.5
28.052	-14.49	21.50	-189.6	-297.5	-4.043E3	2.641E3	-43594.0°	-806.6
28.085	-22.86	12.94	-300.2	-180.6	-2.401E3	4.087E3	-43620.5°	-792.9
28.118	-26.46	1.616	-349.6	-24.60	-291.8	4.562E3	-43646.5°	-787.5
28.152	-24.49	-10.22	-320.9	125.9	1.778E3	4.140E3	-43672.6°	-766.9
28.185	-18.12	-19.64	-228.4	248.5	3.414E3	2.916E3	-43697.3°	-751.5
28.218	-8.024	-25.35	-94.98	323.1	4.092E3	1.337E3	-43722.4°	-753.2
28.251	3.279	-25.94	47.39	335.2	4.320E3	-651.2	-43747.2°	-756.6
28.284	14.18	-22.21	188.0	282.3	3.718E3	-2.448E3	-43772.6°	-773.9
28.317	21.98	-13.48	300.6	169.8	2.280E3	-3.849E3	-43798.5°	-789.4
28.350	25.43	-2.293	338.8	26.34	347.0	-4.542E3	-43824.8°	-788.2
28.383	23.72	8.958	321.2	-132.3	-1.585E3	-4.300E3	-43850.7°	-813.3
28.417	16.66	18.98	237.6	-263.3	-3.331E3	-3.118E3	-43878.7°	-831.0
28.450	6.278	24.70	95.57	-338.2	-4.658E3	-1.192E3	-43905.7°	-815.9
28.483	-5.741	25.32	-70.82	-344.7	-4.647E3	899.7	-43932.8°	-813.3
28.516	-16.56	20.01	-218.5	-277.0	-3.549E3	2.885E3	-43959.6°	-799.9
28.549	-24.09	10.84	-305.6	-152.7	-1.843E3	4.128E3	-43985.8°	-768.4
28.582	-26.68	-0.239	-339.8	-0.407	106.4	4.417E3	-44010.5°	-755.5
28.615	-24.12	-11.67	-302.5	142.0	1.965E3	3.841E3	-44035.8°	-740.9
28.648	-17.29	-20.25	-205.4	254.6	3.225E3	2.614E3	-44059.5°	-727.4
28.681	-7.303	-25.23	-88.24	316.8	3.826E3	1.123E3	-44083.9°	-733.0
28.715	3.703	-26.10	47.66	326.0	4.096E3	-660.0	-44108.1°	-740.6
28.748	14.33	-22.07	186.1	275.7	3.613E3	-2.281E3	-44133.0°	-752.4
28.781	21.97	-13.77	289.7	171.6	2.291E3	-3.644E3	-44157.9°	-764.2
28.814	25.69	-2.877	338.4	34.98	490.3	-4.387E3	-44183.6°	-780.2
28.847	24.28	8.649	322.9	-121.5	-1.527E3	-4.354E3	-44209.6°	-796.5
28.880	17.65	18.52	237.4	-256.8	-3.257E3	-3.097E3	-44236.4°	-812.0
28.913	7.269	24.37	103.9	-329.2	-4.318E3	-1.290E3	-44263.4°	-799.0
28.946	-4.160	25.40	-49.38	-339.6	-4.301E3	651.9	-44289.3°	-791.3
28.980	-15.23	21.10	-185.6	-288.7	-3.738E3	2.466E3	-44315.8°	-774.8
29.013	-23.28	13.10	-294.0	-173.9	-2.114E3	3.893E3	-44340.6°	-765.4
29.046	-26.75	1.628	-334.3	-28.33	-264.4	4.339E3	-44366.5°	-741.9
29.079	-25.16	-9.044	-303.2	115.7	1.528E3	3.850E3	-44389.8°	-717.6
29.112	-19.08	-18.46	-236.3	228.8	2.749E3	2.722E3	-44414.1°	-727.2
29.145	-10.01	-24.70	-119.9	296.1	3.755E3	1.361E3	-44437.9°	-711.1
29.178	0.536	-26.40	15.57	318.8	3.983E3	-160.4	-44461.2°	-712.6
29.211	11.11	-23.66	144.5	287.1	3.429E3	-1.732E3	-44485.2°	-726.4
29.245	19.55	-16.83	245.2	202.3	2.454E3	-3.058E3	-44509.3°	-724.8
29.278	24.51	-7.418	306.2	83.49	1.215E3	-3.817E3	-44533.2°	-733.1
29.311	25.08	3.456	326.7	-52.05	-399.0	-4.086E3	-44557.8°	-767.9
29.344	21.06	14.22	282.3	-188.0	-2.307E3	-3.526E3	-44584.0°	-792.1
29.377	12.63	22.15	171.6	-289.7	-3.757E3	-2.258E3	-44610.3°	-781.8
29.410	1.869	25.59	30.57	-336.4	-4.277E3	-429.9	-44635.8°	-776.7
29.443	-9.656	24.18	-112.9	-320.4	-3.981E3	1.523E3	-44661.8°	-771.1
29.476	-19.36	18.11	-235.3	-234.4	-2.829E3	3.100E3	-44686.9°	-745.6
29.510	-25.18	8.591	-302.9	-111.5	-1.313E3	3.943E3	-44711.2°	-713.7
29.543	-26.74	-1.957	-319.2	26.38	386.3	3.936E3	-44734.2°	-709.7
29.576	-23.43	-12.55	-280.9	153.4	1.826E3	3.395E3	-44758.2°	-708.5
29.609	-16.58	-20.57	-193.8	249.9	3.028E3	2.266E3	-44781.1°	-704.4
29.642	-6.879	-25.39	-81.33	306.3	3.549E3	905.3	-44804.8°	-709.6
29.675	3.708	-25.95	44.09	309.1	3.687E3	-713.4	-44828.1°	-699.4
29.708	13.59	-22.47	162.9	259.6	3.252E3	-1.981E3	-44851.2°	-693.2
29.741	20.91	-15.16	261.5	174.8	2.286E3	-3.046E3	-44874.1°	-713.5
29.775	25.17	-5.150	315.8	60.06	836.4	-3.669E3	-44898.4°	-739.3
29.808	24.89	5.757	317.1	-72.03	-910.2	-3.987E3	-44923.0°	-746.2
29.841	20.41	15.83	257.6	-202.6	-2.507E3	-3.277E3	-44947.8°	-759.6
29.874	11.51	22.77	148.0	-295.0	-3.572E3	-1.880E3	-44973.2°	-758.7
29.907	0.867	25.63	19.23	-323.4	-4.010E3	-120.7	-44998.1°	-742.8
29.940	-9.948	24.05	-117.9	-303.4	-3.677E3	1.496E3	-45022.5°	-741.6
29.973	-19.23	17.82	-229.3	-225.5	-2.763E3	2.805E3	-45047.2°	-723.5
30.006	-24.88	8.866	-298.6	-113.5	-1.154E3	3.672E3	-45070.4°	-709.9
30.039	-26.74	-1.957	-310.2	15.92	318.5	3.768E3	-45094.2°	-690.4
30.072	-23.83	-11.68	-271.8	140.8	1.728E3	3.095E3	-45116.1°	-675.1
30.106	-17.42	-19.96	-199.3	221.6	2.563E3	2.268E3	-45138.9°	-659.8
30.139	-9.152	-24.87	-97.88	286.3	3.352E3	1.216E3	-45159.8°	-671.1
30.172	1.538	-26.44	20.24	310.4	3.465E3	-218.4	-45183.3°	-695.5
30.205	11.40	-23.53	136.7	267.4	3.244E3	-1.722E3	-45205.9°	-673.0
30.238	19.24	-17.39	232.6	195.4	2.254E3	-2.676E3	-45227.9°	-689.8
30.271	24.34	-8.128	290.8	91.57	1.070E3	-3.451E3	-45251.5°	-699.6
30.304	25.31	1.870	300.2	-35.80	-230.0	-3.627E3	-45274.2°	-703.8
30.337	21.97	11.75	276.1	-151.2	-1.607E3	-3.215E3	-45298.1°	-733.5
30.371	15.28	20.19	195.6	-247.3	-2.931E3	-2.278E3	-45322.9°	-741.3
30.404	5.563	24.73	77.01	-306.5	-3.722E3	-1.097E3	-45347.3°	-729.9
30.437	-5.025	25.29	-50.23	-318.0	-3.706E3	712.7	-45371.2°	-733.6
30.470	-15.50	21.40	-171.4	-264.3	-3.076E3	2.250E3	-45395.9°	-709.9
30.503	-22.53	13.93	-255.5	-161.6	-1.978E3	3.282E3	-45418.3°	-670.2
30.536	-26.20	4.474	-301.1	-48.66	-546.0	3.432E3	-45440.3°	-677.3
30.569	-25.76	-6.010	-294.9	68.46	820.6	3.337E3	-45463.1°	-671.6
30.602	-21.67	-15.06	-242.7	172.2	2.036E3	2.806E3	-45484.8°	-662.1
30.636	-14.35	-22.09	-161.6	255.5	2.847E3	1.662E3	-45507.0°	-675.8
30.669	-4.743	-25.76	-52.39	285.8	3.285E3	484.2	-45529.6°	-651.8
30.702	4.584	-25.56	58.16	281.5	3.200E3	-676.6	-45550.2°	-646.5
30.735	13.90	-21.91	159.1	246.5	2.718E3	-1.704E3	-45572.4°	-666.5
30.768	20.91	-15.02	240.2	165.3	1.940E3	-2.799E3	-45594.3°	-664.7
30.801	24.85	-5.998	287.6	61.11	760.9	-3.200E3	-45616.4°	-677.2
30.834	24.96	4.034	291.9	-49.09	-389.7	-3.376E3	-45639.2°	-683.4
30.867	21.60	13.34	259.6	-160.7	-1.802E3	-3.077E3	-45661.7°	-706.9
30.901	14.31	21.23	176.8	-257.1	-2.886E3	-2.093E3	-45686.0°	-723.9
30.934	4.572	25.05	61.63	-300.6	-3.468E3	-584.8	-45709.7°	-701.4
30.967	-5.597	25.31	-51.17	-294.2	-3.332E3	708.8	-45732.5°	-677.7
31.000	-14.92	21.66	-161.0	-253.1	-3.006E3	1.898E3	-45754.6°	-668.9
31.033	-22.36	14.64	-250.8	-170.0	-1.930E3	3.023E3	-45776.8°	-672.4
31.066	-26.18	5.046	-292.4	-50.48	-540.9	3.302E3	-45799.1°	-658.6
31.099	-25.71	-4.722	-283.5	53.75	739.9	3.016E3	-45820.4°	-636.6
31.132	-22.62	-13.73	-243.7	144.1	1.619E3	2.509E3	-45841.3°	-631.5
31.166	-16.16	-20.87	-175.5	224.7	2.366E3	2.016E3	-45862.2°	-630.5
31.199	-7.738	-25.36	-86.62	275.8	3.084E3	849.7	-45883.0°	-638.3
31.232	2.105	-26.61	27.74	284.6	3.220E3	-227.8	-45904.5°	-638.0
31.265	11.12	-23.52	132.7	256.3	2.779E3	-1.347E3	-45925.3°	-640.8
31.298	19.08	-17.81	208.6	198.7	2.033E3	-2.310E3	-45947.0°	-647.9
31.331	24.28	-9.703	268.7	101.5	1.205E3	-3.089E3	-45968.2°	-649.1
31.364	25.81	-1.358E-2	290.3	-8.035	89.83	-3.226E3	-45990.0°	-659.0
31.397	23.75	9.530	272.8	-112.6	-1.189E3	-2.978E3	-46011.9°	-672.9
31.430	18.35	18.06	213.7	-205.8	-2.316E3	-2.350E3	-46034.5°	-679.6
31.464	10.11	23.69	116.7	-270.3	-3.137E3	-1.412E3	-46056.9°	-671.3
31.497	0.443	25.79	5.271	-298.5	-3.225E3	-127.1	-46079.0°	-679.5
31.530	-9.662	24.04	-99.30	-280.9	-3.054E3	1.224E3	-46101.9°	-670.0
31.563	-18.17	19.21	-194.9	-215.5	-2.404E3	2.258E3	-46123.4°	-651.8
31.596	-23.93	11.12	-263.3	-129.4	-1.349E3	2.920E3	-46145.1°	-646.2
31.629	-26.74	1.771	-283.0	-24.16	-67.72	3.143E3	-46166.2°	-627.3
31.662	-25.53	-7.596	-268.1	82.78	895.7	2.896E3	-46186.6°	-615.1
31.695	-21.27	-15.94	-223.0	166.5	1.813E3	2.331E3	-46206.8°	-611.1
31.728	-14.50	-22.37	-147.4	235.9	2.484E3	1.405E3	-46227.0°	-615.5
31.762	-5.602	-25.73	-55.86	264.0	2.866E3	691.7	-46247.7°	-596.2
31.795	2.987	-26.07	41.24	275.1	2.851E3	-335.7	-46266.5°	-619.6
31.828	12.57	-23.00	135.1	252.1	2.503E3	-1.433E3	-46288.7°	-640.9
31.861	19.68	-17.12	207.0	172.3	1.836E3	-2.541E3	-46309.0°	-606.2
31.894	24.01	-9.262	256.3	83.66	1.074E3	-2.644E3	-46328.9°	-614.3
31.927	25.23	-0.134	279.8	-4.146	129.8	-2.818E3	-46349.7°	-640.8
31.960	23.73	9.244	266.3	-100.1	-1.140E3	-2.829E3	-46371.3°	-657.8
31.993	18.61	17.47	204.4	-195.2	-2.168E3	-2.326E3	-46393.2°	-654.4
32.027	10.79	22.80	118.1	-254.7	-2.670E3	-1.412E3	-46414.7°	-647.1
32.060	1.714	25.31	28.64	-287.0	-2.938E3	-283.8	-46436.1°	-660.3
32.093	-8.202	24.70	-75.70	-278.1	-2.805E3	918.3	-46458.4°	-654.4
32.126	-16.69	20.30	-162.4	-223.0	-2.526E3	2.029E3	-46479.4°	-609.6
32.159	-22.96	13.95	-236.5	-143.4	-1.670E3	2.585E3	-46498.7°	-612.0
32.192	-26.20	4.617	-281.3	-50.00	-541.8	2.853E3	-46520.0°	-624.6
32.225	-26.28	-4.699	-268.2	45.74	734.2	2.679E3	-46540.1°	-597.4
32.258	-23.17	-13.14	-232.5	129.4	1.459E3	2.338E3	-46559.6°	-581.1
32.291	-17.71	-20.09	-172.4	198.9	2.097E3	1.821E3	-46578.6°	-578.4
32.325	-10.00	-24.55	-92.23	251.9	2.496E3	1.069E3	-46597.8°	-591.2
32.358	-1.033	-26.20	-6.319	270.0	2.648E3	-63.30	-46617.7°	-599.1
32.391	7.905	-24.97	83.07	247.2	2.554E3	-925.1	-46637.6°	-585.8
32.424	15.39	-20.68	165.0	205.6	2.000E3	-1.561E3	-46656.7°	-593.6
32.457	21.53	-14.04	217.3	147.2	1.449E3	-2.219E3	-46676.9°	-593.6
32.490	25.13	-6.295	257.3	57.72	633.8	-2.814E3	-46695.9°	-601.8
32.523	25.35	3.015	265.5	-41.44	-153.8	-2.733E3	-46716.8°	-616.4
32.557	22.38	11.30	241.1	-124.8	-1.304E3	-2.522E3	-46736.8°	-622.6
32.590	17.09	18.97	186.1	-205.4	-1.987E3	-1.760E3	-46758.0°	-646.8
32.623	8.815	23.60	102.9	-249.2	-2.746E3	-1.025E3	-46779.5°	-614.7
32.656	0.586	25.78	8.219	-263.4	-2.778E3	-109.5	-46798.7°	-606.2
32.689	-8.654	24.14	-87.05	-263.2	-2.694E3	677.1	-46819.7°	-624.9
32.722	-16.85	20.02	-166.8	-216.6	-2.074E3	1.917E3	-46840.1°	-613.4
32.755	-23.00	13.09	-228.4	-136.7	-1.368E3	2.468E3	-46860.3°	-592.3
32.788	-25.90	4.892	-255.7	-49.05	-418.6	2.562E3	-46879.3°	-573.5
32.821	-26.24	-3.840	-256.7	31.02	314.0	2.460E3	-46898.3°	-568.0
32.854	-23.85	-12.11	-234.0	114.2	1.142E3	2.305E3	-46916.9°	-568.7
32.888	-18.68	-19.34	-182.7	185.5	1.968E3	1.740E3	-46936.0°	-567.0
32.921	-11.56	-24.20	-102.2	229.8	2.369E3	1.027E3	-46954.5°	-550.5
32.954	-3.466	-26.10	-22.94	252.4	2.417E3	300.8	-46972.4°	-556.6
32.987	5.151	-25.72	55.05	251.1	2.298E3	-488.5	-46991.3°	-573.0
33.020	13.17	-22.45	132.1	219.5	2.126E3	-1.317E3	-47010.4°	-572.4
33.053	19.69	-16.98	194.9	163.6	1.663E3	-1.915E3	-47029.2°	-572.6
33.086	24.00	-9.548	243.2	91.86	990.9	-2.390E3	-47048.3°	-586.4
33.119	25.77	-0.872	261.7	5.986	84.28	-2.612E3	-47068.1°	-594.9
33.152	24.39	7.784	247.9	-83.32	-814.7	-2.512E3	-47087.7°	-595.7
33.186	20.25	15.55	207.3	-160.4	-1.585E3	-1.890E3	-47107.5°	-599.0
33.219	13.75	21.54	142.3	-210.5	-2.185E3	-1.355E3	-47127.4°	-578.3
33.252	6.290	24.99	61.70	-246.6	-2.467E3	-824.9	-47145.9°	-578.5
33.285	-2.574	25.62	-21.87	-269.4	-2.527E3	87.33	-47165.7°	-608.1
33.318	-11.55	23.54	-105.2	-242.4	-2.385E3	1.215E3	-47186.1°	-592.3
33.351	-18.62	18.66	-181.1	-184.7	-1.890E3	1.944E3	-47204.9°	-573.5
33.384	-23.77	11.55	-231.5	-115.2	-1.002E3	2.218E3	-47224.1°	-571.4
33.417	-26.25	3.329	-247.2	-35.68	-114.1	2.420E3	-47242.8°	-549.0
33.451	-26.14	-4.848	-237.3	44.67	564.3	2.241E3	-47260.5°	-532.0
33.484	-23.29	-12.42	-210.1	115.1	1.061E3	1.925E3	-47278.1°	-526.5
33.517	-18.52	-18.77	-166.9	170.9	1.434E3	1.513E3	-47295.4°	-527.2
33.550	-11.96	-23.47	-114.6	216.2	1.991E3	1.124E3	-47313.0°	-537.0
33.583	-4.193	-26.36	-37.80	245.2	2.467E3	396.0	-47331.0°	-549.0
33.616	4.281	-25.98	53.13	244.5	2.310E3	-357.0	-47349.4°	-555.0
33.649	12.00	-22.84	116.9	218.9	1.725E3	-1.145E3	-47367.7°	-550.8
33.683	18.78	-18.23	164.2	171.0	1.504E3	-1.696E3	-47385.8°	-530.4
33.716	23.33	-11.96	216.7	103.8	1.280E3	-2.153E3	-47402.9°	-536.7
33.749	25.65	-3.879	252.1	29.41	519.1	-2.276E3	-47421.4°	-570.0
33.782	25.28	4.739	250.8	-48.55	-488.9	-2.278E3	-47440.6°	-576.3
33.815	22.44	12.74	219.0	-121.2	-1.243E3	-2.103E3	-47459.6°	-566.4
33.848	17.25	19.25	167.6	-188.2	-1.878E3	-1.605E3	-47478.1°	-569.4
33.881	9.972	23.84	95.64	-230.0	-2.169E3	-869.6	-47497.3°	-564.0
33.914	2.012	25.58	20.43	-243.8	-2.213E3	-217.9	-47515.5°	-550.6
33.947	-6.176	25.19	-48.80	-244.3	-2.163E3	400.2	-47533.8°	-556.7
33.981	-14.17	22.35	-123.4	-219.1	-2.196E3	1.239E3	-47552.4°	-555.4
34.014	-20.69	17.02	-194.9	-161.3	-1.586E3	1.860E3	-47570.6°	-556.0
34.047	-24.86	9.439	-232.2	-93.56	-665.3	2.195E3	-47589.2°	-542.8
34.080	-26.89	1.633	-235.2	-17.93	39.38	2.317E3	-47606.5°	-514.1
34.113	-26.05	-6.142	-229.7	62.37	570.9	2.095E3	-47623.3°	-517.9
34.146	-22.76	-13.58	-199.6	122.0	1.055E3	1.647E3	-47640.8°	-511.4
34.179	-17.97	-19.36	-156.0	169.2	1.499E3	1.273E3	-47657.1°	-504.0
34.212	-11.55	-23.92	-103.4	208.0	1.869E3	895.1	-47674.2°	-510.0
34.246	-4.187	-26.22	-30.64	228.2	2.074E3	417.8	-47690.9°	-507.3
34.279	3.565	-25.95	36.18	235.2	1.935E3	-297.1	-47707.8°	-522.8
34.312	11.39	-23.82	95.55	211.5	1.796E3	-1.049E3	-47725.6°	-513.8
34.345	17.58	-19.62	155.9	162.0	1.572E3	-1.506E3	-47741.9°	-499.2
34.378	22.12	-13.49	201.2	111.8	1.057E3	-1.713E3	-47758.6°	-513.4
34.411	24.99	-6.290	225.3	50.00	502.9	-1.866E3	-47775.9°	-522.3
34.444	25.43	1.435	234.3	-14.57	-143.6	-2.041E3	-47793.2°	-530.7
34.477	24.02	9.233	217.5	-82.33	-687.8	-1.969E3	-47811.0°	-531.1
34.511	19.98	15.84	185.5	-148.5	-1.330E3	-1.770E3	-47828.4°	-537.3
34.544	14.18	21.52	133.3	-198.2	-1.784E3	-1.153E3	-47846.6°	-544.5
34.577	6.851	24.68	63.05	-226.9	-2.052E3	-604.4	-47864.5°	-532.6
34.610	-0.851	25.70	-1.523	-236.3	-2.001E3	14.60	-47881.9°	-531.8
34.643	-8.781	24.58	-69.02	-228.1	-1.967E3	595.1	-47899.7°	-531.0
34.676	-15.94	21.13	-132.9	-195.6	-1.747E3	1.201E3	-47917.0°	-518.8
34.709	-21.74	15.77	-184.5	-147.9	-1.336E3	1.719E3	-47934.1°	-511.3
34.742	-25.74	8.900	-221.7	-82.27	-642.1	2.100E3	-47950.9°	-508.2
34.776	-27.20	1.072	-229.0	-6.863	-8.467	2.110E3	-47967.7°	-491.0
34.809	-26.20	-6.279	-219.0	58.54	562.9	1.834E3	-47983.5°	-486.2
34.842	-23.32	-13.42	-195.2	113.7	948.6	1.532E3	-47999.9°	-488.2
34.875	-18.68	-19.19	-153.4	160.5	1.411E3	1.196E3	-48015.8°	-480.1
34.908	-12.69	-23.59	-102.8	192.8	1.681E3	905.8	-48031.7°	-474.4
34.941	-5.900	-26.00	-41.09	219.1	1.868E3	409.5	-48047.2°	-486.7
34.974	1.830	-26.31	21.47	223.7	1.723E3	-100.3	-48064.0°	-494.0
35.007	8.924	-24.58	74.11	208.8	1.679E3	-813.3	-48080.0°	-486.4
35.040	15.64	-21.41	129.8	174.4	1.451E3	-1.251E3	-48096.2°	-484.3
35.073	20.44	-16.00	174.9	121.6	1.161E3	-1.504E3	-48111.9°	-473.0
35.107	23.70	-9.823	202.2	74.90	753.6	-1.595E3	-48127.5°	-485.8
35.140	25.42	-2.579	226.5	17.58	198.0	-1.709E3	-48144.2°	-517.6
35.173	24.86	5.185	218.5	-41.27	-413.3	-1.827E3	-48161.8°	-505.2
35.206	22.69	11.87	194.4	-100.6	-867.4	-1.677E3	-48177.6°	-498.2
35.239	18.20	18.06	163.8	-155.5	-1.346E3	-1.379E3	-48194.8°	-510.0
35.272	12.37	22.74	104.9	-190.7	-1.778E3	-854.7	-48211.5°	-493.2
35.305	5.574	25.01	43.12	-213.1	-1.737E3	-460.7	-48227.4°	-490.0
35.338	-1.715	25.59	-8.599	-221.1	-1.718E3	6.966	-48243.8°	-497.0
35.372	-9.072	24.44	-69.34	-212.1	-1.705E3	623.6	-48260.4°	-499.1
35.405	-15.80	20.98	-124.9	-180.2	-1.558E3	1.152E3	-48277.0°	-483.9
35.438	-21.01	16.17	-170.5	-134.8	-1.270E3	1.425E3	-48292.4°	-477.4
35.471	-24.71	9.719	-210.9	-86.24	-684.4	1.729E3	-48308.5°	-496.3
35.504	-26.72	2.200	-217.2	-21.52	58.45	1.831E3	-48325.3°	-477.1
35.537	-26.14	-4.705	-202.7	39.59	400.8	1.656E3	-48340.2°	-448.1
35.570	-24.10	-11.24	-191.9	85.59	712.3	1.354E3	-48355.0°	-455.8
35.603	-20.47	-17.40	-159.0	130.2	1.166E3	1.262E3	-48370.4°	-446.8
35.637	-15.48	-21.76	-110.6	169.0	1.301E3	1.174E3	-48384.6°	-438.8
35.670	-9.290	-24.72	-73.16	207.3	1.511E3	526.4	-48399.4°	-478.1
35.703	-1.765	-26.60	-14.73	209.2	1.696E3	10.92	-48416.2°	-463.0
35.736	4.578	-25.70	46.16	198.3	1.530E3	-480.8	-48430.1°	-446.5
35.769	11.40	-23.53	83.62	185.1	1.293E3	-584.0	-48445.9°	-449.4
35.802	16.84	-20.16	130.6	154.9	1.293E3	-1.051E3	-48459.9°	-447.8
35.835	21.64	-14.90	172.8	119.4	1.025E3	-1.379E3	-48475.4°	-463.9
35.868	24.75	-8.717	196.2	61.71	515.8	-1.716E3	-48490.6°	-457.7
35.902	25.73	-1.875	207.6	3.855	136.3	-1.563E3	-48505.8°	-464.9
35.935	25.00	5.036	205.6	-41.79	-317.7	-1.413E3	-48521.4°	-471.8
35.968	22.97	11.71	187.4	-87.84	-781.5	-1.487E3	-48537.0°	-466.6
36.001	19.18	17.45	152.4	-140.8	-1.215E3	-1.392E3	-48552.3°	-467.2
36.034	13.62	21.83	106.7	-182.0	-1.346E3	-912.1	-48568.0°	-475.4
36.067	7.131	24.52	62.20	-201.5	-1.498E3	-357.8	-48583.8°	-473.6
36.100	0.306	25.94	10.25	-205.2	-1.551E3	-5.068	-48599.3°	-461.8
36.133	-6.462	25.20	-43.97	-200.6	-1.619E3	347.0	-48614.4°	-454.2
36.166	-13.00	23.02	-94.52	-183.4	-1.462E3	669.7	-48629.5°	-454.7
36.200	-18.61	18.94	-143.3	-155.0	-1.150E3	1.206E3	-48644.5°	-458.5
36.233	-23.27	13.53	-171.2	-106.3	-819.2	1.350E3	-48659.8°	-437.8
36.266	-25.65	7.606	-194.7	-59.63	-490.8	1.550E3	-48673.5°	-435.4
36.299	-27.22	0.643	-207.4	-10.34	-61.02	1.548E3	-48688.6°	-447.3
36.332	-26.34	-6.131	-196.8	48.53	536.6	1.553E3	-48703.1°	-432.7
36.365	-24.00	-12.39	-172.4	90.63	774.4	1.207E3	-48717.3°	-418.2
36.398	-20.33	-17.55	-143.6	128.6	1.079E3	1.051E3	-48730.8°	-414.2
36.431	-15.49	-21.90	-103.7	160.4	1.070E3	826.8	-48744.7°	-415.6
36.464	-9.708	-24.42	-67.85	183.5	1.287E3	536.4	-48758.3°	-423.8
36.498	-3.334	-26.39	-25.05	196.0	1.337E3	146.0	-48772.8°	-435.4
36.531	3.273	-26.08	26.96	193.4	1.464E3	-222.1	-48787.2°	-426.7
36.564	9.496	-24.60	68.57	180.0	1.237E3	-622.9	-48801.1°	-423.4
36.597	15.21	-21.53	110.9	153.8	1.270E3	-976.2	-48815.2°	-417.5
36.630	19.68	-17.26	151.4	114.3	902.7	-1.086E3	-48828.7°	-422.3
36.663	22.77	-11.51	174.4	80.51	454.8	-1.104E3	-48843.2°	-428.7
36.696	25.01	-5.717	178.0	43.83	216.9	-1.242E3	-48857.1°	-414.3
36.729	25.67	0.278	188.2	-3.391	149.5	-1.429E3	-48870.6°	-424.4
36.763	24.78	6.765	189.8	-50.80	-298.8	-1.411E3	-48885.3°	-442.6
36.796	22.30	12.88	168.3	-97.27	-846.5	-1.266E3	-48900.0°	-438.7
36.829	18.34	17.92	133.4	-135.8	-1.025E3	-992.7	-48914.3°	-430.3
36.862	13.33	21.70	99.48	-162.7	-1.187E3	-662.9	-48928.4°	-430.6
36.895	7.561	24.51	56.68	-179.0	-1.235E3	-384.7	-48942.9°	-426.5
36.928	1.434	25.46	13.89	-187.7	-1.394E3	-148.3	-48956.8°	-422.7
36.961	-4.876	25.43	-31.57	-190.0	-1.239E3	156.6	-48970.9°	-433.9
36.994	-11.12	23.38	-73.09	-178.3	-1.234E3	493.3	-48985.4°	-425.3
37.028	-16.68	20.59	-108.4	-155.5	-1.101E3	927.7	-48999.0°	-414.6
37.061	-21.44	16.19	-149.0	-118.4	-961.5	1.194E3	-49013.0°	-413.3
37.094	-24.52	10.72	-172.6	-73.99	-556.1	1.305E3	-49026.4°	-405.0
37.127	-26.34	4.766	-185.1	-33.30	-202.2	1.337E3	-49039.7°	-406.2
37.160	-26.73	-1.527	-186.6	14.28	249.5	1.241E3	-49053.3°	-406.2
37.193	-25.39	-7.601	-168.3	51.66	386.7	1.079E3	-49066.7°	-381.5
37.226	-23.30	-12.70	-156.9	82.56	500.3	1.047E3	-49078.6°	-383.9
37.259	-19.92	-18.00	-141.5	122.5	878.8	912.1	-49092.1°	-405.8
37.292	-15.21	-22.05	-96.62	145.5	1.172E3	625.6	-49105.4°	-378.2
37.326	-10.28	-24.40	-60.32	159.7	1.048E3	396.0	-49117.2°	-370.1
37.359	-4.611	-26.06	-30.67	174.1	1.016E3	245.1	-49130.0°	-385.9
37.392	1.252	-26.43	8.227	175.6	1.254E3	-81.25	-49142.7°	-383.9
37.425	7.023	-25.51	51.79	168.7	1.226E3	-306.4	-49155.4°	-387.5
37.458	12.43	-23.00	91.28	155.1	1.011E3	-557.5	-49168.4°	-396.0
37.491	17.30	-19.46	118.1	132.3	724.2	-848.9	-49181.6°	-392.8
37.524	21.19	-15.17	139.0	98.54	641.3	-1.114E3	-49194.4°	-378.6
37.558	23.83	-10.26	160.0	58.25	474.3	-1.139E3	-49206.7°	-381.3
37.591	25.05	-4.572	172.3	21.94	268.5	-1.128E3	-49219.7°	-391.1
37.624	25.28	1.154	175.9	-14.71	-56.46	-935.7	-49232.6°	-403.4
37.657	24.08	7.080	170.5	-43.06	-333.9	-1.003E3	-49246.4°	-398.9
37.690	22.43	12.45	152.3	-76.24	-575.4	-1.031E3	-49259.0°	-387.6
37.723	19.03	17.17	132.3	-116.0	-761.9	-1.038E3	-49272.1°	-394.9
37.756	14.74	21.21	103.0	-143.1	-1.005E3	-562.3	-49285.2°	-396.1
37.789	9.548	24.00	64.56	-155.4	-1.120E3	-473.5	-49298.3°	-376.0
37.823	4.446	25.49	28.34	-169.9	-1.185E3	-252.1	-49310.1°	-384.4
37.856	-1.704	25.87	-12.46	-178.0	-1.103E3	31.21	-49323.8°	-399.7
37.889	-7.343	24.66	-47.63	-164.2	-1.005E3	389.8	-49336.6°	-380.5
37.922	-12.58	22.72	-76.24	-152.3	-807.1	584.3	-49349.0°	-378.2
37.955	-17.44	19.61	-103.2	-127.4	-886.1	693.2	-49361.6°	-361.6
37.988	-21.02	15.88	-132.3	-102.6	-760.0	810.2	-49372.9°	-366.0
38.021	-24.23	10.85	-157.1	-77.61	-444.6	859.9	-49385.9°	-381.2
38.054	-26.16	5.476	-160.6	-43.12	-176.8	1.169E3	-49398.2°	-357.4
38.087	-27.09	0.208	-166.6	-2.237	-61.25	1.080E3	-49409.6°	-358.5
38.121	-26.31	-5.558	-167.9	32.34	237.0	1.092E3	-49421.9°	-363.4
38.154	-24.95	-10.92	-149.8	65.52	523.2	935.4	-49433.6°	-350.8
38.187	-21.97	-15.48	-131.6	98.70	618.6	883.2	-49445.2°	-350.4
38.220	-18.41	-19.63	-110.8	121.2	740.7	626.6	-49456.8°	-353.3
38.253	-13.95	-22.82	-81.34	141.8	863.6	351.4	-49468.6°	-352.4
38.286	-9.015	-25.02	-53.33	145.1	924.7	223.1	-49480.2°	-333.4
38.319	-4.336	-26.35	-21.17	152.8	942.6	242.5	-49490.7°	-335.4
38.352	1.109	-26.42	10.81	164.9	967.8	112.9	-49502.4°	-358.6
38.386	6.588	-25.64	41.38	159.9	836.6	-322.8	-49514.4°	-360.6
38.419	11.68	-23.69	68.14	143.8	918.9	-543.4	-49526.3°	-346.1
38.452	16.08	-21.14	99.04	122.9	698.2	-663.2	-49537.3°	-346.1
38.485	19.83	-17.13	119.1	99.63	607.2	-722.8	-49549.2°	-338.8
38.518	22.70	-13.22	133.4	74.52	423.8	-804.7	-49559.8°	-336.8
38.551	24.76	-8.288	152.3	47.25	391.6	-936.7	-49571.5°	-351.7
38.584	25.83	-3.168	157.5	12.70	165.3	-872.3	-49583.0°	-351.6
38.617	25.60	2.145	162.6	-13.04	-133.2	-882.7	-49594.8°	-361.3
38.650	24.96	7.618	151.0	-41.66	-392.9	-910.2	-49607.0°	-350.4
38.684	22.84	12.15	132.9	-77.00	-450.8	-876.5	-49618.0°	-341.4
38.717	19.86	16.42	122.9	-99.04	-512.6	-729.6	-49629.6°	-351.0
38.750	16.28	20.29	100.1	-123.7	-763.0	-534.1	-49641.3°	-355.9
38.783	11.66	23.05	70.36	-137.9	-879.3	-426.7	-49653.2°	-343.6
38.816	7.148	24.95	42.61	-147.7	-796.4	-162.1	-49664.0°	-342.3
38.849	1.880	25.88	16.85	-153.0	-912.6	-54.64	-49675.8°	-340.0
38.882	-2.987	26.07	-15.82	-147.8	-937.9	112.4	-49686.5°	-329.5
38.915	-7.910	24.83	-48.32	-146.9	-845.4	134.7	-49697.7°	-340.4
38.949	-12.72	22.87	-70.27	-139.1	-745.3	437.3	-49709.1°	-342.0
38.982	-17.13	20.17	-97.05	-118.5	-524.6	520.7	-49720.3°	-336.5
39.015	-20.57	16.44	-108.5	-101.7	-477.5	746.6	-49731.4°	-318.8
39.048	-23.86	12.98	-122.6	-74.09	-482.6	877.1	-49741.4°	-310.2
39.081	-25.48	8.316	-145.7	-38.21	-332.8	864.3	-49751.9°	-322.3
39.114	-26.39	3.334	-144.3	-18.67	69.69	600.2	-49762.8°	-313.0
39.147	-26.72	-1.241	-138.6	1.032	83.19	731.4	-49772.7°	-297.6
39.180	-26.32	-5.844	-139.7	29.12	78.04	861.9	-49782.5°	-306.2
39.214	-24.79	-10.49	-134.4	59.63	208.5	867.0	-49792.9°	-315.0
39.247	-22.37	-14.75	-124.6	85.99	459.7	652.9	-49803.4°	-325.1
39.280	-19.09	-18.75	-105.8	104.0	675.0	400.0	-49814.5°	-319.7
39.313	-15.48	-21.76	-77.99	111.6	770.4	347.7	-49824.6°	-293.7
39.346	-11.70	-23.91	-54.73	125.5	602.6	341.1	-49833.9°	-296.9
39.379	-7.165	-25.38	-37.86	137.0	645.1	212.1	-49844.2°	-308.0
39.412	-2.618	-26.42	-14.09	138.0	784.4	-6.422	-49854.3°	-302.7
39.445	1.974	-26.31	16.24	137.0	747.8	-26.53	-49864.3°	-301.2
39.479	6.456	-25.34	35.78	135.6	698.5	-196.5	-49874.3°	-306.4
39.512	10.96	-23.94	59.97	125.7	574.6	-369.4	-49884.6°	-307.7
39.545	14.79	-21.37	77.94	109.1	611.9	-367.9	-49894.7°	-294.2
39.578	18.18	-18.78	95.57	101.2	580.5	-518.5	-49904.1°	-306.9
39.611	21.49	-15.04	120.3	78.33	385.0	-768.9	-49915.0°	-318.5
39.644	23.37	-10.81	121.6	45.91	120.4	-686.0	-49925.2°	-288.2
39.677	24.53	-6.988	124.2	33.03	-15.97	-542.0	-49934.1°	-287.6
39.710	25.56	-2.585	125.0	13.58	135.6	-593.0	-49944.2°	-284.0
39.743	25.43	1.292	128.3	-10.12	83.36	-689.6	-49952.9°	-288.9
39.777	24.89	5.901	135.7	-29.38	-52.60	-563.0	-49963.3°	-313.2
39.810	23.49	10.26	123.1	-49.25	-346.1	-705.4	-49973.6°	-297.2
39.843	21.63	14.06	110.9	-73.42	-420.9	-688.7	-49983.0°	-298.9
39.876	18.62	17.62	96.92	-97.90	-484.2	-485.1	-49993.4°	-309.4
39.909	15.14	20.48	77.73	-105.1	-510.2	-318.8	-50003.5°	-294.0
39.942	11.65	22.77	63.03	-116.6	-566.8	-302.4	-50012.9°	-297.8
39.975	7.423	24.65	41.85	-128.2	-682.3	-213.6	-50023.2°	-302.7
40.008	3.157	25.54	15.92	-129.2	-694.1	84.66	-50033.0°	-291.2
40.041	-1.137	25.71	-3.789	-123.5	-600.2	69.69	-50042.5°	-276.0
40.075	-5.025	25.29	-23.32	-122.1	-546.4	127.8	-50051.2°	-277.3
40.108	-9.227	24.16	-40.78	-118.5	-546.4	127.8	-50060.9°	-278.4
40.141	-12.87	22.59	-58.41	-110.5	-588.1	238.2	-50069.7°	-276.2
40.174	-16.55	20.29	-80.27	-104.9	-518.7	371.6	-50079.2°	-290.7
40.207	-19.82	17.27	-94.00	-85.95	-300.2	510.9	-50088.9°	-279.2
40.240	-22.24	14.07	-99.01	-68.83	-188.3	515.3	-50097.7°	-261.9
40.273	-24.38	10.71	-106.1	-53.96	-394.1	525.9	-50106.3°	-257.5
40.306	-25.82	7.039	-124.2	-33.03	-358.3	564.6	-50114.7°	-277.5
40.340	-26.57	2.481	-133.6	-16.09	-63.00	650.9	-50124.7°	-288.3
40.373	-26.88	-1.808	-125.8	8.025	161.4	641.1	-50133.8°	-271.9
40.406	-26.04	-5.855	-122.4	29.80	201.6	568.0	-50142.7°	-269.6
40.439	-24.91	-9.914	-114.2	43.11	283.5	384.6	-50151.7°	-262.6
40.472	-23.18	-13.42	-101.8	56.59	243.3	457.6	-50160.1°	-249.2
40.505	-21.16	-16.66	-98.06	71.88	354.4	480.7	-50168.2°	-259.1
40.538	-18.42	-19.92	-81.46	89.85	506.5	412.0	-50177.2°	-259.7
40.571	-15.21	-22.05	-60.19	99.35	555.5	115.2	-50185.4°	-247.8
40.605	-11.84	-23.91	-47.14	97.70	404.2	165.3	-50193.7°	-233.3
40.638	-8.734	-25.18	-32.35	106.9	419.9	240.6	-50200.9°	-241.5
40.671	-4.754	-26.05	-19.81	118.3	423.6	147.4	-50209.7°	-259.4
40.704	-0.901	-26.49	-4.514	114.5	486.8	-36.82	-50218.1°	-248.8
40.737	2.832	-26.35	12.77	115.2	600.2	-69.69	-50226.1°	-251.4
40.770	6.731	-25.64	34.55	111.7	489.8	-111.4	-50234.7°	-255.2
40.803	10.23	-24.06	47.77	105.8	350.2	-359.6	-50243.0°	-252.5
40.836	13.74	-22.48	54.85	90.90	289.2	-231.3	-50251.4°	-233.5
40.870	16.26	-20.43	68.07	84.93	440.5	-281.3	-50258.5°	-237.1
40.903	19.36	-17.97	83.46	79.04	348.0	-303.7	-50267.1°	-253.0
40.936	21.49	-14.90	92.87	59.93	318.8	-510.2	-50275.3°	-241.6
40.969	23.33	-11.82	102.0	47.31	312.9	-361.0	-50283.1°	-248.2
41.002	24.63	-8.139	115.5	34.85	92.19	-444.4	-50291.7°	-266.2
41.035	25.64	-4.165	109.6	19.47	-110.6	-508.4	-50300.8°	-246.8
41.068	25.92	-0.878	103.9	-0.233	19.10	-484.6	-50308.1°	-230.6
41.101	25.63	2.718	113.0	-12.86	13.22	-335.5	-50316.1°	-252.3
41.135	25.06	6.611	106.9	-21.76	-187.4	-455.4	-50324.8°	-241.6
41.168	24.19	9.799	96.87	-41.63	-200.9	-586.7	-50332.1°	-234.2
41.201	22.31	13.03	95.56	-63.33	-191.1	-362.2	-50340.3°	-254.2
41.234	19.99	16.13	84.84	-65.91	-365.5	-201.1	-50348.9°	-238.8
41.267	17.94	18.65	69.97	-72.99	-382.5	-258.1	-50356.1°	-226.1
41.300	15.16	20.76	59.77	-86.51	-288.1	-292.2	-50363.9°	-234.3
41.333	12.22	22.60	51.36	-91.32	-332.4	-106.6	-50371.6°	-233.7
41.366	9.124	24.16	38.32	-93.72	-442.2	-167.0	-50379.3°	-225.7
41.399	6.009	25.14	21.26	-100.7	-369.1	-107.9	-50386.6°	-229.7
41.433	2.441	25.57	12.73	-103.4	-299.3	25.49	-50394.5°	-230.9
41.466	-0.840	25.98	3.833	-97.24	-415.2	114.3	-50401.9°	-215.3
41.499	-4.000	25.82	-15.70	-95.85	-461.6	-130.2	-50408.8°	-214.8
41.532	-7.189	24.94	-28.33	-105.0	-388.5	-89.99	-50416.1°	-238.2
41.565	-10.96	23.94	-39.13	-105.4	-305.6	174.6	-50424.6°	-246.1
41.598	-14.17	22.35	-50.53	-90.73	-333.8	416.2	-50432.4°	-224.8
41.631	-16.97	20.60	-59.69	-78.10	-329.4	304.4	-50439.5°	-212.3
41.664	-19.35	18.40	-72.99	-69.97	-253.3	270.1	-50446.4°	-217.4
41.698	-21.60	15.76	-77.65	-61.50	-256.3	344.6	-50453.9°	-212.2
41.731	-23.42	13.25	-86.89	-46.71	-179.5	291.6	-50460.5°	-212.3
41.764	-24.70	10.01	-93.63	-40.48	-87.05	313.9	-50467.9°	-217.2
41.797	-26.10	7.050	-89.74	-29.51	-50.51	334.1	-50474.9°	-202.2
41.830	-26.65	4.061	-96.81	-14.64	-110.1	425.0	-50481.3°	-207.8
41.863	-27.07	0.637	-99.40	-3.918	24.06	337.0	-50488.7°	-211.7
41.896	-26.91	-2.524	-93.43	9.303	153.1	379.4	-50495.4°	-199.3
41.929	-26.46	-5.552	-89.53	20.28	41.96	356.4	-50501.9°	-195.4
41.962	-25.57	-8.455	-90.05	33.24	82.18	283.3	-50508.3°	-204.5
41.996	-24.25	-11.52	-85.98	39.90	156.0	304.9	-50515.4°	-202.1
42.029	-22.92	-14.15	-77.76	51.04	197.0	213.1	-50521.7°	-199.4
42.062	-20.87	-16.67	-73.69	57.69	232.0	270.5	-50528.6°	-199.4
42.095	-19.10	-19.03	-63.15	64.60	296.0	67.68	-50534.9°	-194.4
42.128	-16.59	-20.85	-52.43	67.19	160.4	193.0	-50541.5°	-181.8
42.161	-14.65	-22.51	-52.60	71.51	197.7	194.5	-50546.9°	-189.3
42.194	-11.86	-24.34	-42.30	84.90	401.3	239.8	-50554.0°	-202.8
42.227	-9.026	-25.31	-22.86	85.67	427.3	54.18	-50560.4°	-189.1
42.261	-6.180	-25.85	-14.30	88.17	205.8	-10.56	-50566.6°	-191.9
42.294	-3.185	-26.25	-9.890	86.18	172.2	-105.2	-50573.1°	-187.6
42.327	-0.471	-26.50	-3.151	79.95	337.7	-42.70	-50579.0°	-173.3
42.360	2.111	-26.46	11.89	82.71	276.7	85.58	-50584.6°	-181.7
42.393	5.008	-25.72	18.20	87.29	261.0	10.29	-50591.0°	-193.1
42.426	7.893	-25.26	24.86	83.22	316.9	12.49	-50597.4°	-190.1
42.459	10.52	-24.07	42.06	86.06	325.5	-192.8	-50603.6°	-208.6
42.492	13.59	-22.47	46.88	75.54	218.6	-327.9	-50611.2°	-194.9
42.525	15.52	-20.97	54.04	58.48	120.8	-219.5	-50616.5°	-174.9
42.559	17.46	-18.90	58.10	62.87	152.2	-68.75	-50622.7°	-188.4
42.592	19.68	-17.12	60.52	56.47	101.2	-201.2	-50629.0°	-183.9
42.625	21.21	-14.89	67.42	45.93	233.8	-252.0	-50634.9°	-179.7
42.658	22.73	-12.65	74.07	41.86	175.0	-179.7	-50640.9°	-188.3
42.691	23.98	-9.978	80.89	33.48	50.47	-333.8	-50647.4°	-193.3
42.724	24.95	-7.292	77.09	20.35	-101.7	-265.6	-50653.7°	-176.7
42.757	25.33	-4.869	73.14	13.72	45.41	-203.8	-50659.1°	-164.4
42.790	25.85	-2.453	79.81	9.647	28.22	-241.8	-50664.6°	-178.2
42.824	25.97	0.410	78.02	-3.415	12.50	-317.2	-50670.9°	-173.1
42.857	25.63	2.718	76.20	-12.14	-9.083	-242.9	-50676.1°	-171.1
42.890	25.16	5.460	80.78	-18.45	-48.54	-188.5	-50682.2°	-184.8
42.923	24.40	8.070	72.39	-25.27	-164.0	-99.75	-50688.3°	-171.3
42.956	23.49	10.26	68.07	-25.44	-86.53	-171.3	-50693.6°	-161.1
42.989	22.72	12.58	68.41	-34.08	-47.81	-207.1	-50699.0°	-170.1
43.022	21.23	14.79	64.43	-42.89	-158.3	-249.1	-50704.9°	-170.7
43.055	19.88	16.85	58.21	-47.54	-217.6	-177.0	-50710.3°	-166.3
43.089	18.08	18.64	49.97	-56.62	-218.6	-139.4	-50715.9°	-166.9
43.122	16.13	20.15	43.33	-56.69	-125.5	-135.8	-50721.3°	-157.9
43.155	14.32	21.51	41.40	-63.21	-183.6	-81.96	-50726.3°	-167.9
43.188	11.94	22.90	32.94	-65.88	-146.9	-61.80	-50732.5°	-163.9
43.221	9.966	23.69	28.52	-63.89	-226.8	65.81	-50737.2°	-155.0
43.254	7.715	24.79	22.00	-64.04	-164.7	-81.12	-50742.7°	-150.8
43.287	5.723	25.15	13.42	-66.43	-240.0	-65.45	-50747.2°	-150.0
43.320	3.306	25.68	9.293	-71.05	-129.7	-23.78	-50752.7°	-159.4
43.353	1.016	25.77	2.646	-67.12	-228.8	121.7	-50757.7°	-148.9
43.387	-1.132	25.85	-4.013	-62.92	-168.5	12.03	-50762.5°	-140.5
43.420	-3.153	25.50	-10.39	-65.21	-32.88	-113.3	-50767.0°	-146.7
43.453	-5.460	25.16	-5.834	-71.66	-72.38	-58.88	-50772.2°	-157.2
43.486	-7.899	25.11	-12.43	-69.91	-246.8	102.3	-50777.5°	-155.1
43.519	-10.08	24.34	-25.62	-63.77	-248.9	158.2	-50782.5°	-149.6
43.552	-12.12	23.42	-27.89	-59.40	-79.73	127.6	-50787.4°	-142.4
43.585	-14.02	22.49	-30.29	-55.32	-61.10	128.4	-50791.9°	-136.4
43.618	-15.79	21.41	-32.71	-51.22	-187.2	11.30	-50796.4°	-130.6
43.651	-17.41	20.33	-41.17	-53.57	-227.0	65.85	-50800.6°	-144.6
43.685	-19.34	18.68	-49.92	-49.52	-117.8	144.8	-50806.0°	-150.6
43.718	-20.69	17.02	-48.18	-40.87	-27.43	222.7	-50810.6°	-134.6
43.751	-22.04	15.49	-50.52	-36.63	-81.96	183.6	-50814.9°	-133.4
43.784	-23.12	13.67	-55.18	-28.15	-77.55	71.67	-50819.4°	-132.2
43.817	-23.91	11.84	-55.09	-30.32	-42.45	129.1	-50823.7°	-133.7
43.850	-25.12	10.02	-57.51	-23.92	-24.53	148.5	-50828.3°	-133.8
43.883	-25.49	8.030	-57.85	-15.27	-63.31	184.3	-50832.5°	-127.2
43.916	-26.14	6.192	-60.01	-15.36	107.5	116.3	-50836.7°	-132.7
43.950	-26.51	4.056	-53.87	-6.453	-23.06	111.2	-50841.3°	-116.1
43.983	-26.56	2.624	-56.03	-6.539	-2.941	74.61	-50844.4°	-120.3
44.016	-26.94	0.345	-60.44	-4.547	-8.087	205.2	-50849.3°	-129.5
44.049	-26.86	-1.378	-52.31	8.763	65.05	245.4	-50852.9°	-113.0
44.082	-26.36	-3.119	-56.80	12.92	2.202	-55.86	-50856.7°	-124.4
44.115	-26.01	-5.140	-54.21	4.348	20.82	-55.12	-50861.2°	-116.0
44.148	-26.07	-6.714	-52.12	6.589	31.36	150.4	-50864.4°	-111.6
44.181	-25.57	-8.598	-54.79	17.32	10.54	205.5	-50868.6°	-122.2
44.215	-24.92	-10.34	-50.55	19.65	89.93	77.95	-50872.5°	-115.1
44.248	-24.27	-11.95	-48.30	21.82	69.16	132.9	-50876.2°	-112.3
44.281	-23.47	-13.56	-46.40	28.36	51.32	113.6	-50880.0°	-115.4
44.314	-22.38	-15.03	-44.50	30.71	70.63	95.79	-50883.9°	-114.5
44.347	-21.44	-16.50	-42.42	32.96	130.5	5.143	-50887.6°	-114.3
44.380	-20.20	-17.84	-35.94	33.21	149.1	5.878	-50891.5°	-103.8
44.414	-19.24	-18.88	-31.53	31.22	111.1	23.05	-50894.5°	-94.4
44.447	-18.13	-19.93	-29.54	35.63	-28.19	241.6	-50897.7°	-98.6
44.480	-16.88	-20.84	-32.13	46.35	68.68	152.1	-50901.0°	-120.3
44.513	-15.06	-22.06	-27.89	48.68	191.5	-123.1	-50905.7°	-120.2
44.546	-13.65	-22.69	-16.57	36.14	61.06	-128.3	-50909.0°	-85.2
44.579	-12.67	-23.16	-23.14	38.04	-74.56	-2.939	-50911.3°	-95.9
44.612	-11.13	-24.22	-25.39	40.12	14.97	93.94	-50915.3°	-101.6
44.645	-10.01	-24.84	-18.91	40.38	188.6	-48.57	-50918.0°	-95.4
44.679	-8.459	-25.47	-14.58	40.55	182.7	100.5	-50921.6°	-92.1
44.712	-7.325	-25.80	-6.025	43.05	108.9	78.97	-50924.2°	-92.7
44.745	-5.608	-25.87	-6.281	49.53	36.55	20.11	-50927.8°	-106.9
44.778	-4.044	-26.22	-6.025	43.05	-70.15	-114.8	-50931.2°	-94.2
44.811	-2.756	-26.27	-8.101	40.80	129.7	23.78	-50934.0°	-89.0
44.844	-1.341	-26.76	-1.789	45.38	109.2	60.11	-50937.1°	-98.6
44.877	0.250	-26.39	4.677	45.47	96.52	-89.20	-50940.5°	-97.9
44.911	1.682	-26.45	0.625	38.84	-12.72	-149.3	-50943.6°	-84.1
44.944	2.832	-26.35	5.120	34.83	168.6	-30.55	-50946.1°	-76.2
44.977	3.989	-26.11	11.52	37.25	106.7	134.9	-50948.7°	-84.0
45.010	5.300	-25.59	13.42	43.81	-23.05	111.1	-50951.7°	-99.6
45.043	6.891	-25.22	9.016	45.80	-52.25	-95.40	-50955.3°	-101.8
45.076	8.334	-24.99	9.357	37.16	62.53	-165.6	-50958.4°	-83.5
45.109	9.353	-24.60	13.85	33.01	96.87	-89.53	-50960.8°	-78.0
45.142	10.52	-24.07	16.01	33.10	70.89	96.14	-50963.6°	-80.2
45.176	11.55	-23.54	18.00	37.50	55.19	20.84	-50966.1°	-90.7
45.209	13.01	-22.88	20.16	37.59	76.76	-52.98	-50969.6°	-93.2
45.242	14.04	-22.20	22.58	31.19	61.80	-146.9	-50972.3°	-84.0
45.275	15.07	-21.38	24.82	29.11	-35.08	-57.39	-50975.2°	-83.5
45.308	15.96	-20.56	20.59	26.78			-50977.8°	-74.0
45.341	16.85	-20.02					-50980.1°	
